ImageNumber,ObjectNumber,AreaShape_Area,AreaShape_Center_X,AreaShape_Center_Y,AreaShape_Center_Z,AreaShape_Compactness,AreaShape_Eccentricity,AreaShape_EulerNumber,AreaShape_Extent,AreaShape_FormFactor,AreaShape_MajorAxisLength,AreaShape_MaxFeretDiameter,AreaShape_MaximumRadius,AreaShape_MeanRadius,AreaShape_MedianRadius,AreaShape_MinFeretDiameter,AreaShape_MinorAxisLength,AreaShape_Orientation,AreaShape_Perimeter,AreaShape_Solidity,AreaShape_Zernike_0_0,AreaShape_Zernike_1_1,AreaShape_Zernike_2_0,AreaShape_Zernike_2_2,AreaShape_Zernike_3_1,AreaShape_Zernike_3_3,AreaShape_Zernike_4_0,AreaShape_Zernike_4_2,AreaShape_Zernike_4_4,AreaShape_Zernike_5_1,AreaShape_Zernike_5_3,AreaShape_Zernike_5_5,AreaShape_Zernike_6_0,AreaShape_Zernike_6_2,AreaShape_Zernike_6_4,AreaShape_Zernike_6_6,AreaShape_Zernike_7_1,AreaShape_Zernike_7_3,AreaShape_Zernike_7_5,AreaShape_Zernike_7_7,AreaShape_Zernike_8_0,AreaShape_Zernike_8_2,AreaShape_Zernike_8_4,AreaShape_Zernike_8_6,AreaShape_Zernike_8_8,AreaShape_Zernike_9_1,AreaShape_Zernike_9_3,AreaShape_Zernike_9_5,AreaShape_Zernike_9_7,AreaShape_Zernike_9_9,Intensity_IntegratedIntensityEdge_CropBlue,Intensity_IntegratedIntensity_CropBlue,Intensity_LowerQuartileIntensity_CropBlue,Intensity_MADIntensity_CropBlue,Intensity_MassDisplacement_CropBlue,Intensity_MaxIntensityEdge_CropBlue,Intensity_MaxIntensity_CropBlue,Intensity_MeanIntensityEdge_CropBlue,Intensity_MeanIntensity_CropBlue,Intensity_MedianIntensity_CropBlue,Intensity_MinIntensityEdge_CropBlue,Intensity_MinIntensity_CropBlue,Intensity_StdIntensityEdge_CropBlue,Intensity_StdIntensity_CropBlue,Intensity_UpperQuartileIntensity_CropBlue,Location_CenterMassIntensity_X_CropBlue,Location_CenterMassIntensity_Y_CropBlue,Location_CenterMassIntensity_Z_CropBlue,Location_Center_X,Location_Center_Y,Location_MaxIntensity_X_CropBlue,Location_MaxIntensity_Y_CropBlue,Location_MaxIntensity_Z_CropBlue,Number_Object_Number,Parent_Cells,Parent_Nuclei,Texture_AngularSecondMoment_CropBlue_3_00,Texture_AngularSecondMoment_CropBlue_3_01,Texture_AngularSecondMoment_CropBlue_3_02,Texture_AngularSecondMoment_CropBlue_3_03,Texture_Contrast_CropBlue_3_00,Texture_Contrast_CropBlue_3_01,Texture_Contrast_CropBlue_3_02,Texture_Contrast_CropBlue_3_03,Texture_Correlation_CropBlue_3_00,Texture_Correlation_CropBlue_3_01,Texture_Correlation_CropBlue_3_02,Texture_Correlation_CropBlue_3_03,Texture_DifferenceEntropy_CropBlue_3_00,Texture_DifferenceEntropy_CropBlue_3_01,Texture_DifferenceEntropy_CropBlue_3_02,Texture_DifferenceEntropy_CropBlue_3_03,Texture_DifferenceVariance_CropBlue_3_00,Texture_DifferenceVariance_CropBlue_3_01,Texture_DifferenceVariance_CropBlue_3_02,Texture_DifferenceVariance_CropBlue_3_03,Texture_Entropy_CropBlue_3_00,Texture_Entropy_CropBlue_3_01,Texture_Entropy_CropBlue_3_02,Texture_Entropy_CropBlue_3_03,Texture_InfoMeas1_CropBlue_3_00,Texture_InfoMeas1_CropBlue_3_01,Texture_InfoMeas1_CropBlue_3_02,Texture_InfoMeas1_CropBlue_3_03,Texture_InfoMeas2_CropBlue_3_00,Texture_InfoMeas2_CropBlue_3_01,Texture_InfoMeas2_CropBlue_3_02,Texture_InfoMeas2_CropBlue_3_03,Texture_InverseDifferenceMoment_CropBlue_3_00,Texture_InverseDifferenceMoment_CropBlue_3_01,Texture_InverseDifferenceMoment_CropBlue_3_02,Texture_InverseDifferenceMoment_CropBlue_3_03,Texture_SumAverage_CropBlue_3_00,Texture_SumAverage_CropBlue_3_01,Texture_SumAverage_CropBlue_3_02,Texture_SumAverage_CropBlue_3_03,Texture_SumEntropy_CropBlue_3_00,Texture_SumEntropy_CropBlue_3_01,Texture_SumEntropy_CropBlue_3_02,Texture_SumEntropy_CropBlue_3_03,Texture_SumVariance_CropBlue_3_00,Texture_SumVariance_CropBlue_3_01,Texture_SumVariance_CropBlue_3_02,Texture_SumVariance_CropBlue_3_03,Texture_Variance_CropBlue_3_00,Texture_Variance_CropBlue_3_01,Texture_Variance_CropBlue_3_02,Texture_Variance_CropBlue_3_03
1,1,83,147.0,32.0,1.0,8.3406730908479521,0.73159248546771061,0.0,0.18082788671023964,0.051870835562036213,34.713956147745549,26.076809620810597,1.0,1.0,1.0,16.0,23.665969037179249,-5.011589883123615,141.80200000000002,0.21784776902887146,0.15541012090149778,0.0206919242312977,0.051546376032530816,0.034177627190986978,0.024604281278255074,0.0068212938438407724,0.00084653714082589973,0.029568703587366792,0.0063376099797067516,0.017458538136817466,0.022328430019477277,0.011563342910844427,0.005677373010982539,0.010884782217825737,0.012414912641991478,0.0097894939195997694,0.0063285198923382991,0.0067089022064457443,0.012931151054862641,0.0056980071797224268,0.0044180474528355655,0.001720575389139447,0.0058004674799255239,0.013801253743753794,0.0065876401201595651,0.01482812311952765,0.010116297127369257,0.0082885785310417709,0.0071302128276342323,0.0016687102360538946,6.247059028595686,6.247059028595686,0.062745101749897003,0.0078431367874145508,0.52873327409114157,0.12549020349979401,0.12549020349979401,0.07526577142886369,0.07526577142886369,0.070588238537311554,0.050980392843484879,0.050980392843484879,0.016248577749288118,0.016248577749288118,0.083333335816860199,134.50847461275831,27.959196511052138,0.0,134.93975903614458,28.265060240963855,123.0,31.0,0.0,1,1,1,0.042533081285444238,0.0625,0.0703125,0.065088757396449703,13.608695652173912,63.875,29.0,50.923076923076934,-0.11742336049670068,-0.097891768497381487,0.18810148731408577,-0.025500476644421451,2.7011207838442464,2.75,2.5,3.0850551027564768,0.0049819383038149142,0.003816574839302111,0.004763544536271808,0.0028471916583804702,4.7950885863977319,4.0,3.875,4.0081320258334001,-0.40093069251755031,-0.76923076923076927,-0.62968624505100668,-0.83506083904531003,0.95377738140793478,0.99662533230944639,0.98569645450529175,0.99840140301929559,0.30727151126989066,0.097949928517153673,0.29524886877828055,0.17263232735479819,34.652173913043477,40.625,38.25,42.615384615384613,3.2077070644704735,3.0,3.0,2.8731406795131331,10.748582230624152,52.484375,42.4375,48.390532544379084,6.0893194706994223,29.08984375,17.859375,24.828402366863941
1,2,82,95.0,48.0,1.0,7.3275377496072824,0.67934848502581346,0.0,0.17826086956521739,0.056016012830697286,31.564411691872138,24.698178070456937,1.0,1.0,1.0,17.705100627652307,23.162464179868834,-54.88874730507078,135.63,0.23196605374823195,0.17115679125948091,0.0028131004896022483,0.04359331308768067,0.032349513015054857,0.0045845901116327676,0.0092881864702309361,0.029574075168934847,0.038769799780925047,0.018399540486476948,0.0078562670880188111,0.0034337413305998471,0.0062361073130586973,0.00035446969297851989,0.0040478686605912662,0.020562049407268385,0.0020849353994199776,0.0093210712224786971,0.0042289195334921413,0.0068399566219075874,0.0028909717133934719,0.017030851804590321,0.018251266643339776,0.0045698054832332352,0.02114734620736301,0.0017708197427099665,0.0083887289119380301,0.0040001602681467227,0.0043669076141260822,0.0081160611020690328,0.0015066324849585331,6.301960963755846,6.301960963755846,0.062745101749897003,0.011764705181121826,0.2671956222333004,0.13725490868091583,0.13725490868091583,0.076853182484827393,0.076853182484827393,0.074509806931018829,0.047058824449777603,0.047058824449777603,0.019635177438219884,0.019635177438219884,0.090196080505847931,87.60423148604302,47.830740502712715,0.0,87.390243902439025,47.670731707317074,95.0,39.0,0.0,2,2,2,0.057851239669421489,0.09722222222222221,0.044378698224852076,0.049586776859504134,28.63636363636364,88.0,29.53846153846154,29.181818181818183,0.36427850655902677,-0.19187358916478678,-0.14917127071823932,-0.042669422707804688,2.9139770731827523,2.5849625007211561,2.6612262562697895,2.9139770731827523,0.0031310580553004803,0.0038580246913580258,0.0039949959821754706,0.0031310580553004803,4.1867043459100248,3.4182958340544891,4.5465935642949384,4.3685225277282065,-0.75710958990272359,-0.82866713025960337,-0.64423809807455978,-0.67616373064909785,0.99694904907866888,0.99602507503810089,0.99333414701112532,0.99421676395128356,0.21850249705225361,0.25578626868712778,0.1106680162188428,0.20115162246882656,39.000000000000007,40.999999999999993,34.769230769230766,38.454545454545453,3.2776134368191157,2.251629167387823,2.7773627950641693,2.9139770731827523,61.454545454545041,59.666666666667197,21.869822485207578,26.793388429752213,22.522727272727195,36.916666666666629,12.852071005917082,13.993801652892614
1,3,159,16.0,50.0,1.0,4.6911225292823708,0.9188398484815069,0.0,0.18928571428571428,0.074653643447581033,40.552739115742831,32.557641192199412,3.0,1.2275846571490521,1.0,13.89946480808594,16.003352919102085,-38.935060395493373,163.5979999999999,0.40151515151515149,0.19098593171027439,0.035803927066630305,0.0064500529446711733,0.061171478213964493,0.027250570956217312,0.030145582016351327,0.01228312645506922,0.0070029294273965988,0.019952654622430979,0.014626986910668044,0.0086221049486234335,0.013837760273676529,0.012898305389874699,0.0025588061061468043,0.012956226146793154,0.0053637349535437017,0.012452294953474555,0.019371560698576779,0.0072533115867061361,0.0046559434923442826,0.0017415853886888566,0.012579753810791544,0.0090685959504108356,0.0044713206055301043,0.0067342791212857784,0.0093970626501975966,0.0076073565652774577,0.0067842930310259269,0.0050447691909982747,0.0058301349110983268,5.4039217443205416,6.6901962975971401,0.011764706112444401,0.023529413156211376,2.9682820867873176,0.13725490868091583,0.13725490868091583,0.046585532278625358,0.042076706274195852,0.031372550874948502,0.0039215688593685627,0.0039215688593685627,0.037275021998367769,0.034192211941687749,0.074509806931018829,24.277256758460098,46.397420856572346,0.0,26.09433962264151,44.050314465408803,20.0,53.0,0.0,3,3,3,0.0390625,0.03417836124943413,0.019800076893502501,0.016224986479177934,100.72916666666664,75.297872340425528,72.196078431372555,136.32558139534885,0.19907096649508998,0.39189438683272015,0.4173146740310919,0.14870177239814125,3.8695729918120438,3.8452548851321615,3.6509825198185375,4.0429172324843297,0.001760223765432099,0.0018313828390031804,0.0021225810585672172,0.0011363332865946896,5.7099625007211561,5.7374320015379201,6.0153709301219473,6.0598720220936446,-0.57244358386265526,-0.60539385646178689,-0.59309776915297696,-0.60148856409039486,0.99485592362582231,0.99656117805756406,0.99685923809060639,0.99727254772195684,0.25505713880481468,0.28473003546910208,0.28982398311986041,0.16099179120865637,18.770833333333332,18.234042553191486,19.137254901960784,23.953488372093023,4.5275690110927496,4.5086046078748678,4.7260594104716835,4.739990917392169,150.80164930555554,172.34947940244462,175.60861207227981,183.95132504056255,62.882703993055571,61.9118379357175,61.951172625913102,80.069226608977829
1,4,374,0.0,68.0,1.0,3.9282611791971793,0.88757763159643288,0.0,0.26227208976157085,0.087592990296869053,55.529888449218554,52.478567053607705,5.0990195135927845,1.6965494788132325,1.4142135623730951,26.16295090390226,25.580296690973789,-20.338031112706041,231.63599999999971,0.41031267142073508,0.17290907397638011,0.032775774984989015,0.043038075015313135,0.039694897743335053,0.015931798570422366,0.012398301873477156,0.0011723044476439639,0.019219845004612112,0.016233037575532801,0.01461729576343425,0.023225583117470285,0.0046660878570097541,0.017115433313033536,0.011740795156830821,0.0052560585710252575,0.012264708700415036,0.010816631331829772,0.023814182456633571,0.0078376143707189223,0.004883615507587211,0.021549483473052987,0.0063193633942662262,0.013366825502649339,0.0090239304318994011,0.0079041088012595986,0.0040192815843357035,0.010861733819290492,0.012977920389292076,0.0075550155341661679,0.0037002852309398525,7.0156864896416664,11.29803958022967,0.0078431377187371254,0.011764706112444401,5.3603727331746827,0.14509804546833038,0.14509804546833038,0.04176003862881944,0.030208661979223717,0.019607843831181526,0.0039215688593685627,0.0039215688593685627,0.037380348670959795,0.029374382745465295,0.043137256056070328,14.022908747654714,63.566122837942601,0.0,17.828877005347593,59.791443850267378,21.0,60.0,0.0,4,4,4,0.056991705155999613,0.013609467455621303,0.031328107937586447,0.09015705047451078,47.203883495145625,100.80769230769231,43.75369458128079,53.952380952380942,0.4579622143208919,0.11391427387806408,0.42216435111000578,0.32326987224268883,3.3342412451030832,4.1708359008720093,3.3713031803658411,3.4248365674167456,0.0035938100953849614,0.0011168843941057876,0.0031371229787431109,0.003391027306810917,6.02489987336598,6.8133329828201852,6.3308689120909456,5.5737482657165422,-0.3770716666803462,-0.34194158096987243,-0.33375122293028958,-0.37641605745820383,0.96910727151686893,0.9694373561791545,0.95959888899410029,0.96154230839956589,0.4243077965811527,0.18849991029996704,0.37077041582748871,0.43856765153232852,13.359223300970871,16.623076923076923,13.546798029556651,11.899470899470899,4.5133915175910069,4.9109108848674907,4.6094385468425045,4.3479053930636224,126.9680459986804,126.72715976331364,107.68623358974978,105.49783040788333,43.542982373456496,56.883713017751489,37.859982042757657,39.862552840066073
1,5,227,32.0,63.0,1.0,2.850766819945687,0.73307400489828556,0.0,0.27818627450980393,0.078183375609422331,33.591292585164645,33.734255586865999,3.0,1.3566129282000265,1.0,21.224741159922292,22.847080137641303,66.860388194621265,191.01199999999986,0.42992424242424243,0.25173892580440393,0.056305301625957642,0.047362901822696167,0.024220966520201555,0.030017330829564749,0.01490801171585805,0.043357650638867304,0.037790843055119816,0.017156476737175852,0.01562132066707058,0.011869068843984001,0.0058554317442421283,0.017207712431956439,0.022073144640586,0.010541202941786428,0.005569098916948222,0.015260733994604564,0.017938482765084231,0.0125219842149595,0.0009227712013795946,0.0061879683607796053,0.005486652480033819,0.02108470684240368,0.016353283469563062,0.0030719272889056927,0.0045459616938395269,0.0082428484537366009,0.0048557574818080731,0.0053863949005265701,0.0042935867529650994,5.3254903662018478,7.2156865112483501,0.0078431377187371254,0.011764706112444401,4.6095361775594368,0.10980392247438431,0.10980392247438431,0.039448076786680351,0.031787165247790086,0.019607843831181526,0.0039215688593685627,0.0039215688593685627,0.030588470580391585,0.027604137393212862,0.050980392843484879,40.557608685294653,71.212499954483761,0.0,38.78854625550661,66.955947136563879,44.0,78.0,0.0,5,5,5,0.12814038631485924,0.028152829646653256,0.047520493466439412,0.12828730323310397,54.08988764044944,81.033898305084733,20.747747747747749,30.970873786407761,0.42491087344028505,0.1248982048374611,0.74625901962020236,0.58435483095637508,3.0077339791490019,3.6776795269496714,3.0075964531741248,2.7442592062864417,0.0065468138774080128,0.0025256864083980949,0.0048645232306896383,0.0073105541937167982,4.6413461762106021,5.7330003133735294,5.6854963874653315,4.5654233570257379,-0.55653387810958632,-0.45379118014733638,-0.48753503376222179,-0.5672729067706066,0.98594917937162496,0.98256905420785345,0.98711981603708643,0.98645328889043726,0.5291199960156443,0.1733654052888699,0.39780340052009139,0.54867236465801672,12.808988764044944,14.932203389830509,14.225225225225225,11.533980582524272,3.6764663674361389,4.2391195424003483,4.3705787324206469,3.7693068521713702,134.0196944830198,104.16489514507319,142.78711143576004,118.05467056272974,47.02739553086731,46.299698362539495,40.883714795876955,37.25638608728439
1,6,75,140.0,84.0,1.0,4.9493404646890466,0.76748527469627015,0.0,0.23219814241486067,0.080328537921904045,25.928857765752991,20.615528128088304,2.2360679774997898,1.0652389630265622,1.0,13.416407864998739,16.622124032294426,47.674188386388039,108.31800000000004,0.32051282051282054,0.22024554822665501,0.010138505843570764,0.020877164457021535,0.049049299044095156,0.032066101098285046,0.021072235919946201,0.039590985754123009,0.024435672014227614,0.020160332397783514,0.0088753490258337321,0.03163410401941024,0.014552792870250122,0.024278573742309816,0.008615653348730587,0.0067718439590151794,0.0081308654964281045,0.021728323093291511,0.0034951348296392718,0.017547627800307431,0.0071216534994637901,0.0096721204388790973,0.005349789348455823,0.010565601874367569,0.0026281411357184205,0.0025114694317606577,0.0038096492392284652,0.023957582560090916,0.0051478506331520428,0.0095384946497350988,0.0018746212830954314,4.7411766136065125,5.082353095524013,0.058823529630899429,0.015686273574829102,1.4805035189370443,0.11372549086809158,0.11372549086809158,0.069723185494213413,0.067764707940320176,0.070588238537311554,0.011764706112444401,0.011764706112444401,0.027017885452465862,0.0270980868859374,0.087254904210567474,134.21682099013563,78.569444439570603,0.0,135.03999999999999,79.799999999999997,127.0,78.0,0.0,6,6,6,0.047337278106508882,0.055555555555555552,0.036332179930795849,0.091836734693877542,63.307692307692314,128.11111111111111,100.82352941176472,17.857142857142854,0.1002060468441182,-0.19986124761519217,0.16289358768099274,0.8536911629462417,3.3927474104487851,2.5032583347756461,3.2195282822995472,2.2359263506290326,0.0022419460880999335,0.0050617283950617304,0.0026951172625913093,0.0063718820861678009,4.4696704873718609,4.1699250014423122,4.8521687236032811,3.5216406363433181,-0.69560218375071714,-0.77071225790207742,-0.76843164967509658,-0.84124107882549914,0.9957385140847369,0.99731625829705739,0.99882623500054646,0.99698740414610554,0.19233919030203289,0.12670870145477339,0.080925583018265607,0.42410350278725351,32.230769230769234,36.111111111111114,26.235294117647058,32.428571428571423,3.3927474104487847,3.1699250014423122,3.4992275471326924,2.8073549220576037,77.40828402366833,85.432098765432102,140.06228373702413,226.24489795918385,35.178994082840234,53.385802469135797,60.221453287197249,61.025510204081627
1,7,141,67.0,68.0,1.0,5.4386308436468385,0.86681231507504231,0.0,0.19583333333333333,0.067446497659068322,39.561486379804592,31.016124838541646,2.8284271247461903,1.1659116547737265,1.0,19.807729648956588,19.726723798873859,-64.307757616232351,162.08199999999991,0.33651551312649164,0.18267434665892388,0.020882948860864701,0.0044663372398792015,0.055269512054761855,0.01369001088367865,0.015263055598816154,0.015903043750008308,0.016688104484328076,0.020424393524661653,0.013584781728932604,0.0099537427684686479,0.018682530341683143,0.0094955812459535868,0.014141099739982076,0.012936973333737929,0.017212995294836442,0.017741275947280519,0.01093114831555379,0.014468392654933215,0.006467309670755054,0.0026678306144683971,0.0024835521091103869,0.0046560356778084068,0.0089716145242775304,0.0071996867494878609,0.013575840522479173,0.0043183630614397703,0.0078217952059203011,0.00879221957773961,0.0096749213465319676,9.078431629575789,10.243137546814978,0.035294119268655777,0.031372550874948502,1.3748047494045317,0.20392157137393951,0.20392157137393951,0.081057425264069546,0.072646365580248076,0.066666670143604279,0.011764706112444401,0.011764706112444401,0.047838398071128656,0.046934852852388215,0.10196078568696976,60.179173051053816,79.945635531302031,0.0,60.439716312056738,78.59574468085107,64.0,77.0,0.0,7,7,7,0.021118381915526473,0.017222222222222222,0.014332071389940505,0.014974433893352814,24.365853658536583,116.06666666666666,96.999999999999986,174.51351351351354,0.66409014675912004,0.13726461843409343,0.73496817380831869,0.38461756414070558,3.2651020060370874,3.7777471629109445,3.8302370690488261,4.0131111357238041,0.0018102771134424088,0.0012372928286064635,0.0010828209796949887,0.00092575232328727408,5.7721861509595467,5.8735572622751846,6.2226627197680635,6.1013452575208422,-0.60301947430450764,-0.67650310070343334,-0.6896663695933718,-0.68436433866673951,0.99656817856420654,0.99876544727314842,0.99928492504251754,0.99912411581708749,0.27508126164878099,0.094160804111016919,0.089614129517930269,0.050001001261725117,23.780487804878049,30.0,34.581395348837205,35.86486486486487,4.4426794435369388,4.3898980954642877,4.9725490569270523,4.9728347844893976,120.70791195716833,153.0,634.98756084369961,392.65741417092772,36.268441403926261,67.266666666666652,182.99689021092479,141.79273192111026
1,8,215,74.0,69.0,1.0,3.7468031101846968,0.65534212366511835,0.0,0.23268398268398269,0.061619739437237302,36.156565539414693,34.713109915419565,4.1231056256176606,1.4850344259707233,1.0,23.14451964956104,27.310217441634457,-83.055774723978516,209.39399999999964,0.31455742501828821,0.2218106880153807,0.025809362293908462,0.032964324022129204,0.027656787246688502,0.060459347973989455,0.017380044741352615,0.018652860648900052,0.024603959424706601,0.0032473511681843938,0.021952832884257877,0.023954441181911642,0.0094265633101149778,0.0073230879831812116,0.0089457872957551775,0.020349145044397842,0.0073363129543148027,0.0014201093074756152,0.021070893714792528,0.00058853782623202874,0.0039226920423943365,0.0016314089820895217,0.014241598752166833,0.01147252872080088,0.007192804982459315,0.0038115935368918329,0.011142009481622873,0.016839296656105285,0.0037599269899519518,0.0078303479050853692,0.00082087781947252393,8.5098041938617826,10.46666699834168,0.011764706112444401,0.027450981549918652,4.8951106480888358,0.20000000298023224,0.20000000298023224,0.061665247781607119,0.048682172085310137,0.039215687662363052,0.0039215688593685627,0.0039215688593685627,0.048639661298984942,0.043739247393127414,0.066666670143604279,73.442862523934579,78.911577339212073,0.0,76.190697674418601,74.860465116279073,65.0,77.0,0.0,8,8,8,0.060810121416182028,0.01890359168241966,0.019091029198044656,0.029453125,12.767676767676768,42.608695652173914,31.965517241379306,75.175000000000011,0.81985540753366448,0.52239691486205897,0.85051033789901842,0.61759969733531062,2.3036555307215334,3.6500115342954067,3.3947920508512852,3.555386688231712,0.00531444835057889,0.0014033990422677352,0.0018329885761057439,0.0019739275147929,5.424728176776501,6.0576581523676341,6.1852058176583604,5.9426522333109357,-0.60191859998332231,-0.52693082020999082,-0.4986796672061225,-0.54083288036094657,0.99530771221966585,0.99341930545354495,0.99175361620282088,0.99387457717908634,0.61708467939137479,0.17249858311632593,0.19427664291805438,0.16976623358841642,15.373737373737374,17.913043478260867,18.931034482758619,18.725000000000001,4.5102905503827548,4.6395643634985859,4.7627358463691261,4.5985356706486744,128.98153249668405,135.81852551984889,395.69639318271896,317.99937500000004,35.437302316090197,44.606805293005692,106.91547760602457,98.293593749999999
1,9,576,1.0,87.0,1.0,2.0903674493475699,0.58264902773567184,0.0,0.37894736842105264,0.1482266894313139,42.9667938510933,45.276925690687087,11.045361017187261,3.5260105753549245,2.8284271247461903,33.403802645513295,34.920139551411381,-43.139077060253022,220.97999999999968,0.50482033304119189,0.35774925744753833,0.091976943596227892,0.042920215791876368,0.045973179748535153,0.072386986544210136,0.017694321551094034,0.044836516513943145,0.032235501599258032,0.012537585287455083,0.038848167523921749,0.026196501158013554,0.0023741045935419336,0.0067376452163053274,0.013902194234013962,0.0072918273532609186,0.013106102802248935,0.0075601740104054233,0.0066436396757124762,0.0028377976473921897,0.0038629842369852,0.0095068548470309058,0.0066568159541427066,0.011002337720639769,0.014750276078262112,0.0032681459020448985,0.003837819854619816,0.0064411084323183114,0.0047736013145975448,0.003540462212953779,0.0022315800912056289,7.8784316116943955,18.454902532510459,0.015686275437474251,0.011764706112444401,4.1111676135522011,0.12156862765550613,0.12156862765550613,0.051831786919042076,0.032039761341163993,0.023529412224888802,0.0078431377187371254,0.0078431377187371254,0.03018226382351559,0.022556908324044993,0.039215687662363052,17.430939213472378,87.054611149405517,0.0,13.414930555555555,87.934027777777771,19.0,75.0,0.0,9,9,9,0.019851688487479289,0.019455332913023218,0.033831011225466168,0.02082905723269924,15.789855072463766,15.285340314136127,14.77294685990338,29.742120343839538,0.5729226592429798,0.56590719007609025,0.59633748289791189,0.34615506792903405,3.0763581101077353,3.0119125387503174,2.8713234867660899,3.4868613153502848,0.0037475121575182629,0.0040705853303774535,0.0051382972400172708,0.0027259419950369859,6.5461275947947133,6.5002251922751881,6.180018962125513,6.5831313930250435,-0.21560149490460068,-0.21668277481313289,-0.29491294204579765,-0.23684270651176681,0.89129815604153828,0.8910374763711788,0.93919435360736592,0.91073029319205034,0.34806126169223051,0.33643048637863943,0.47469800095334774,0.30022512529447404,14.055555555555554,13.856020942408376,13.415458937198068,14.458452722063036,4.5311814639539953,4.469265970271902,4.500891562969846,4.5610166738959226,58.153918411164824,55.138955894849403,58.421596770052957,61.233947176131579,18.485943370907144,17.606074052246363,18.2986359074891,22.744016879992778
1,10,153,49.0,104.0,1.0,4.6711965382281884,0.53589804909088323,0.0,0.18842364532019704,0.074321277481118803,32.617588532747902,28.460498941515414,2.2360679774997898,1.1849218186908965,1.0,21.346813832691776,27.538465780778399,66.755939393620707,160.83999999999986,0.30971659919028338,0.23362662264209874,0.036416899805576233,0.033756353121410704,0.017277908786966358,0.040433649813392689,0.0086032601903118962,0.054189369496634013,0.025365265035959483,0.030472167391187042,0.018829361874920354,0.014736238652360248,0.015767416647601867,0.0054092862484712333,0.010131097601313636,0.0061671829005969419,0.0013388575745841142,0.026132244237845492,0.011283045384334408,0.0078937675155511273,0.014895697531981555,0.0096980718502259651,0.016213947673820478,0.0081379211328462802,0.011986049508461086,0.004077269582961735,0.0088588802507397393,0.015524034884486526,0.0037986788330859078,0.0059260341255383793,0.0084040081714353496,8.6352943759411573,10.509804224595428,0.043137256056070328,0.019607841968536377,1.5037550069750498,0.16862745583057404,0.16862745583057404,0.07641853430036423,0.068691530879708682,0.054901961237192154,0.019607843831181526,0.019607843831181526,0.038032168123018358,0.03550594994699529,0.085294120013713837,44.95522386718843,95.613432849449296,0.0,46.457516339869279,95.679738562091501,40.0,101.0,0.0,10,10,10,0.018904320987654322,0.016129032258064516,0.017249527410207938,0.01714409722222222,63.472222222222229,197.61290322580643,38.760869565217398,17.479166666666664,-0.10511785371227339,0.13216772990659306,0.54756552654297252,0.52838397264364778,3.7736843762620231,3.9134007456613782,3.5396841089661129,3.0310628877221824,0.0013423375165799406,0.0011625932009528639,0.0015886437844678087,0.002837322084481174,5.8088138903312005,5.9541963103868749,6.0506296190534599,6.0169486985026053,-0.53007579078886768,-0.7160156718704378,-0.52071972509143893,-0.40717976620850832,0.99239401961911378,0.99934675117135174,0.99291196427216943,0.9766623843859612,0.12793577303526932,0.011374064856239957,0.18240239995211621,0.24730663245127027,29.361111111111111,47.741935483870968,28.065217391304344,26.645833333333332,4.1625732651509111,4.6961317942578429,4.3852026522178758,4.3970552088741996,51.397376543209816,257.80437044745031,132.58270321361078,56.645399305555543,28.717399691358054,113.85431841831416,42.835893194706983,18.531141493055571
1,11,337,118.0,102.0,1.0,2.0358800956518786,0.43597952320077166,0.0,0.41502463054187194,0.20586569925283568,31.091332467432114,28.635642126552707,4.1231056256176606,1.8146465714217221,1.4142135623730951,24.443897184962982,27.980849398518092,-52.481301509541368,143.42599999999996,0.61050724637681164,0.48442917173632188,0.050893240304897995,0.0044251744317853657,0.028961278836767888,0.064346441016413694,0.04473784563750776,0.096711336345238139,0.034381332399036076,0.0083971736860835953,0.050578772141749412,0.0022369860227913776,0.0091962119178962184,0.01637321609984016,0.0074896231933843033,0.015692509565517848,0.017069975157669517,0.024395469860566517,0.0082926131894873589,0.0024242976007608618,0.0048462538679949155,0.004766223617604896,0.018541525092351949,0.0027283082244168883,0.0045497873062577904,0.0048807634677722608,0.017480127979741231,0.0051101489942762326,0.0064118682683314675,0.0070253058841755478,0.0062970373032385273,5.31764723546803,12.380392548628151,0.019607843831181526,0.011764705181121826,1.6632105998943116,0.098039217293262482,0.098039217293262482,0.045449976371521622,0.036737069877234872,0.027450980618596077,0.011764706112444401,0.011764706112444401,0.028932030868005006,0.022054151661054022,0.047058824449777603,119.01425403696749,91.242952178304421,0.0,119.91988130563799,92.637982195845694,123.0,85.0,0.0,11,11,11,0.011676406824394381,0.016388786795415815,0.010117040269787742,0.010577781082688876,46.388349514563103,39.277456647398836,46.150234741784033,60.5,0.21861228715165698,0.37402502174605889,0.2384152210017694,0.056476602219171418,3.7701827423585588,3.5421045738652523,3.6824304505584751,3.813137150589947,0.0020844476694734447,0.0031303374594034267,0.0024585056057749226,0.0022558951596154744,6.9157834140962109,6.6101815042895637,7.1617924108059654,7.0903821825680886,-0.24514830112725544,-0.29877316337074789,-0.21006345463527978,-0.21658505602714442,0.92475714788125463,0.94968524476606908,0.9021142142913372,0.90626806022736561,0.24055368483269896,0.23902043201993126,0.24107090623824917,0.20168725355680481,17.932038834951456,17.473988439306353,18.64788732394366,18.414634146341463,4.7737026867803651,4.6700086244738808,4.7750889707078468,4.6810119447518694,72.34489584315196,86.214641317785549,75.045030747867543,67.742712671029153,29.683311339428769,31.373024491296079,30.298816372412873,32.060678167757303
1,12,110,155.0,93.0,1.0,2.2376636863771888,0.57275475352369176,0.0,0.43137254901960786,0.17354238592906843,19.417063948815908,17.088007490635061,2.8284271247461903,1.3213126176610361,1.0,13.883549300393994,15.916687289658865,-1.1401126127886798,89.248000000000033,0.55000000000000004,0.44667747962840143,0.082933905492256807,0.030371604942406184,0.032998477518385042,0.051871072521742653,0.026091616958416549,0.10610058415835556,0.011321512474149868,0.02931273251103008,0.024637727489256103,0.014724715634770891,0.0043411952855512432,0.0038202840855898479,0.0076888346122442582,0.018953587371545139,0.024647254328575941,0.012789128364375629,0.015237313836872979,0.0036334665430830457,0.013890952930672672,0.014017535314747248,0.012625570444772112,0.0079240939071528564,0.010665501111495019,0.0085622538723731378,0.01440313094065046,0.0083720841168350262,0.0073460924459390212,0.0021467549017787908,0.0035188934177626313,4.2039216682314873,5.7882354371249676,0.023529412224888802,0.023529412224888802,1.5853649502778053,0.11764705926179886,0.11764705926179886,0.061822377473992461,0.05262032215568152,0.043137256056070328,0.011764706112444401,0.011764706112444401,0.03521789608760019,0.031476574060517459,0.084313727915287018,159.62195121228743,96.145663941301379,0.0,158.54545454545453,94.981818181818184,164.0,95.0,0.0,12,12,12,0.015764425936942293,0.024800000000000003,0.012523629489603024,0.018351800554016619,136.48780487804879,170.08000000000001,95.630434782608688,71.368421052631575,-0.042843507113313563,-0.42032548568985173,-0.054292241844180321,0.29426266555270975,4.1386698472757155,3.7336606896881857,4.0671767721506873,3.7576856586254093,0.0011278653940317222,0.0016949011446409984,0.0012156524099620541,0.00155078533729581,6.0952376752970228,5.403856189774725,6.3984557060099814,5.9058222502856905,-0.5649931357326986,-0.77215137633716013,-0.51580161590320051,-0.49491448687201678,0.99587519103606115,0.99944105686176199,0.99412765581237528,0.98966238603583401,0.0854970732658029,0.050987928027084142,0.093747912490563884,0.21037434416475276,26.536585365853661,27.84,23.152173913043477,23.105263157894736,4.6497581019679899,3.8936606896881862,4.4721591739570066,4.6093837632727848,125.27305175490767,69.414400000000001,85.781190926276054,130.88365650969524,65.440214158239115,59.873600000000039,45.3529064272212,50.563019390581701
1,13,254,107.0,100.0,1.0,5.2774781398909845,0.57760623985148196,0.0,0.19613899613899613,0.058749442501307189,45.250369462633863,38.013155617496423,2.8284271247461903,1.2944077237250085,1.0,34.0,36.93857897486054,80.417564762907787,233.08799999999954,0.24914173614516921,0.20968203622707296,0.028264577329045831,0.029970482382350699,0.027077778112742892,0.036582627934373772,0.014339878770362136,0.018709194618233865,0.019883591771181,0.016072811235228027,0.022621203857163485,0.012911714582624197,0.024576809488321357,0.0090638833374636213,0.017650987201572176,0.023492066422536078,0.0092140620069533028,0.0054285646563674251,0.012835461853474528,0.0051309023875732249,0.0097191502180017948,0.010538129745963016,0.012302261947723188,0.013669338399894426,0.0078107289902978839,0.0069608667779092921,0.0060985932622892513,0.011090637461341982,0.0047837339181955787,0.010690398684883487,0.0046225589396406306,10.062745445407927,13.509804359637201,0.031372550874948502,0.019607845693826675,1.6469767054692985,0.16078431904315948,0.16078431904315948,0.058846464593028815,0.053188206140303937,0.047058824449777603,0.011764706112444401,0.011764706112444401,0.031376841367911391,0.028008296397194411,0.070588238537311554,98.501886792313655,90.804354113762315,0.0,99.062992125984252,89.255905511811022,99.0,108.0,0.0,13,13,13,0.011704026978774052,0.012927319735708129,0.00979591836734694,0.011230527714044199,47.95774647887324,65.983050847457633,19.466666666666665,39.35164835164835,0.61875302093542695,0.28924351363185624,0.51290035587188498,0.33599042306614668,3.6302142273668054,3.8890344232129994,3.2579366103341285,3.5976316883150661,0.001657721873382031,0.0011362296522554249,0.0022513767411726591,0.0019374049986294877,6.5754592672396495,6.425015930717775,6.9115387318076067,6.7686225247427583,-0.43890681894364142,-0.44079722837683621,-0.26312085492509446,-0.36399399138167238,0.98752861928463931,0.98669029072903103,0.93638388662704686,0.97509054275052831,0.079686436511315725,0.1200819319288934,0.29837130743816553,0.2610553490308114,25.25352112676056,24.35593220338983,24.266666666666666,25.703296703296704,4.7620101474908685,4.8228239813452181,4.7379290952402915,4.7306212950020861,203.6258678833567,119.68687158862394,60.462222222222294,79.175703417461705,62.895903590557481,46.417480609020458,19.982222222222219,29.631837942277514
1,14,201,52.0,109.0,1.0,8.0909088579165367,0.65959379016709863,0.0,0.14855875831485588,0.045211676258887487,51.419796558605526,40.19950248448356,3.0,1.1876309678194013,1.0,30.357865537616441,38.648264048575406,11.712446626274785,236.36199999999971,0.20354430379746838,0.15589866346575459,0.029970684893825712,0.052830696100672564,0.031256087221174629,0.0080664587113933126,0.0104515142359984,0.034335437413257626,0.0097479369180708472,0.01043907240427561,0.016564170180887842,0.0051116478881107355,0.010374880113833123,0.036373110792515123,0.012728028216425255,0.0056077867172679855,0.013942477142021506,0.014084763094073359,0.0063853067880166791,0.0048010280303534382,0.0057402631649249199,0.00065351108144804076,0.0095944067332244583,0.0025042554875615128,0.0015893400704928388,0.0086590436805041998,0.0089944947672329252,0.004491519330459574,0.0060149735415191245,0.0028408617457079061,0.0018827936994235742,9.741176774725318,11.674510154873133,0.035294119268655777,0.0156862773001194,1.7920911313874464,0.13725490868091583,0.13725490868091583,0.062045711940925591,0.058082140073995682,0.050980392843484879,0.019607843831181526,0.019607843831181526,0.03091810079040918,0.028805332836733335,0.07352941483259201,67.363453187292151,107.59791738210731,0.0,65.805970149253724,106.71144278606965,86.0,112.0,0.0,14,14,14,0.020199916701374422,0.016765285996055226,0.017687277051129609,0.017543859649122806,42.285714285714278,72.153846153846146,20.827586206896552,36.05263157894737,0.090055209005521469,0.21219473676654332,0.78630945845380629,0.5218911290569459,3.5507215194260806,3.6308041416063297,3.1012483003833684,3.5007329438684467,0.0019240311392886714,0.0018399810066476734,0.0035222251581744266,0.0019044321329639892,5.8492042317820054,6.0096358726529289,6.1035863830213053,6.2274553649660236,-0.53209297125462762,-0.58677000865893547,-0.52382216975353213,-0.49149320483778763,0.99277360226614753,0.99659263989250324,0.99340579301514531,0.99132046196641044,0.20067749120635894,0.051198552893951324,0.34678181061263275,0.25016559734059451,24.448979591836732,26.717948717948715,29.586206896551726,28.89473684210526,3.9121400080902982,4.355539077670187,4.7714370294611257,4.3807689627056714,50.65556018325708,111.02301117685738,174.1046373365042,114.76084949215169,23.235318617242825,45.794214332675892,48.733055885850206,37.703370267774631
1,15,151,27.0,103.0,1.0,2.6642471808149288,0.80937370397856412,0.0,0.36124401913875598,0.15293609574011569,27.642434447546588,23.259406699226016,2.8284271247461903,1.3902162222536576,1.0,13.435028842544403,16.234235069745068,34.728600716949536,111.38800000000005,0.54512635379061369,0.35537739603513779,0.013953566427238641,0.017805629530447963,0.082775876819608102,0.041586326138135614,0.016067854802670426,0.061231071966196988,0.011752836606140417,0.027738492802113004,0.036670515358659554,0.021279737118559992,0.0063065638743816897,0.023220686613834651,0.028533827326277794,0.007997667152496786,0.015426770120976237,0.0088163023661512255,0.035725465622687975,0.0059631759811064784,0.0039456867962166754,0.0076431399868153987,0.013517311665610246,0.007082171594572465,0.0068169891082153931,0.010423858219164014,0.010454164926265906,0.0029731023900483483,0.0092237304459731728,0.0019565360527914895,0.0051004738932227886,6.0274511650204659,8.7803924325853586,0.027450980618596077,0.023529412224888802,1.793825442936783,0.17254902422428131,0.17254902422428131,0.072619893554463438,0.058148294255532175,0.047058824449777603,0.015686275437474251,0.015686275437474251,0.046029219271710033,0.03902501899967218,0.075490199029445648,35.510942387285588,105.65922287205953,0.0,34.827814569536422,107.31788079470199,37.0,101.0,0.0,15,15,15,0.015266272189349115,0.01125,0.01171875,0.013827160493827161,61.384615384615394,105.43333333333334,92.140625,81.711111111111109,0.22289340740341124,0.4979351797226973,0.12286079835638659,-0.18856153633421788,3.8266872463324368,4.2131754465621576,4.1035272051985192,3.9332094188315057,0.0012997297099861206,0.00082716049382716055,0.00090591242283950628,0.0012949245541838135,6.3413730052362958,6.5902239289418514,6.632659765557392,6.2474086518852303,-0.41757956506700256,-0.51008595911646781,-0.46496510392154822,-0.45029250655591707,0.98224408244579153,0.99449909202412656,0.99096555902971384,0.98666050076834155,0.1730161768954247,0.13280239962057122,0.13035291046001785,0.097285019726618571,23.046153846153846,30.966666666666669,26.015625,23.355555555555554,4.6218206985721864,4.9964040875570079,4.7242384298164914,4.5526383739632221,96.597869822485336,314.56555555555542,117.952880859375,55.784691358024702,39.495621301775117,104.9997222222222,52.52337646484375,34.373950617283981
1,16,384,147.0,110.0,1.0,2.646677676442279,0.48251798760933162,0.0,0.36432637571157495,0.13838075066205935,38.274094651752506,35.468295701936398,3.6055512754639891,1.6433513678193512,1.4142135623730951,26.870057685088806,33.52374599804363,-73.081757022347674,186.73799999999989,0.50393700787401563,0.38865181651693359,0.061711613133465619,0.030727076246221563,0.026882542402503255,0.0338305154449993,0.016605962065909519,0.099300084299188282,0.018849924781488205,0.018661112781785696,0.041088187570284047,0.028736144276114255,0.0073874134953846489,0.0044665044311565563,0.028223323545684305,0.0065780887656615361,0.012444422704868452,0.012040802612599922,0.013190273942633515,0.0083672213249782728,0.006836020529018179,0.019969690409147769,0.016000018007270512,0.0057863262275250123,0.0056217282293812834,0.014632878581591176,0.020667756874318433,0.015802686038531966,0.0078420148758342502,0.0051125952469453367,0.0025887374709779982,6.6509806178510189,15.113725991919637,0.019607843831181526,0.015686273574829102,0.52315743527199399,0.098039217293262482,0.098039217293262482,0.044046229257291514,0.039358661437290721,0.031372550874948502,0.0078431377187371254,0.0078431377187371254,0.028900262331557954,0.022452452350936725,0.058823529630899429,136.52179554678963,106.65905552496696,0.0,136.9921875,106.88802083333333,130.0,101.0,0.0,16,16,16,0.0085198045267489697,0.0078902309223008935,0.0064744801512287339,0.0095351355943001544,56.870370370370367,93.612244897959187,54.70000000000001,33.078341013824883,0.084507654566345958,-0.25790916527606633,0.070238875378566393,0.5062303459119506,3.9493557033721247,4.1482983436800804,3.8775326883672374,3.5317619487846255,0.0012526531846332413,0.00090041652051071203,0.0015132940347423415,0.0028161767450054593,7.2423082363838356,7.2659418620732259,7.5512224032541866,7.2944759449124099,-0.25620493441963949,-0.29926735303544816,-0.19387203362737435,-0.2514295829810731,0.9385844622627445,0.96045281371080582,0.89572422938194851,0.93662686016626384,0.17584709970443679,0.1458749081441913,0.18480608470125959,0.28845659274095864,19.361111111111111,21.367346938775512,19.656521739130437,19.714285714285715,4.8148464512803084,4.7284049092914948,4.834339921052047,4.9913232367015539,67.369598765432102,55.225600444259214,62.964631379962157,100.9045424621462,31.059992283950649,37.209461335554622,29.416157844990536,33.495720868992734
1,17,482,3.0,125.0,1.0,2.0660284167855565,0.69676140565200517,0.0,0.44301470588235292,0.18436636923847599,40.924295585469309,37.20215047547655,8.5440037453175304,2.764507010177458,2.2360679774997898,28.503681689356483,29.355118563880886,-47.271457845994199,181.25399999999988,0.59950248756218905,0.41696001419794027,0.084757090163137344,0.023311484446080211,0.040504439769031508,0.073437583906368217,0.040010503485016218,0.062260993365125819,0.0031406995791412396,0.025036735960079722,0.041896530169149099,0.02459776121392232,0.011247564915025586,0.0071901677252810764,0.020244871598972137,0.0036374809016560803,0.014488744104648973,0.016772681975418719,0.0075722305958595363,0.0043213041191782079,0.021614311547255221,0.009933268623251253,0.0082352460930207629,0.0099884215523478731,0.0056123109265873898,0.0021116223870709522,0.0013841824419188378,0.0079687901937905616,0.0033864687131954637,0.0032081865535508636,0.0029469751917886458,6.164706080686301,18.600000590551645,0.019607843831181526,0.015686273574829102,1.720381874910363,0.11764705926179886,0.11764705926179886,0.046005269258852989,0.03858921284346814,0.031372550874948502,0.0039215688593685627,0.0039215688593685627,0.031296235736873547,0.023883846419878077,0.054901961237192154,12.164242034410183,118.06852202788647,0.0,11.466804979253112,116.49585062240664,25.0,109.0,0.0,17,17,17,0.009448940339671941,0.0059279778393351804,0.0068977105650073513,0.007664464234415397,37.792168674698793,54.05263157894737,39.498550724637688,52.905084745762714,0.41899556038888564,0.18598007735407349,0.38868241019314481,0.25870380780798879,3.6570970283089448,3.8306591472221707,3.6567753592720531,3.8904470059140719,0.0022635393195715812,0.0017024945480703423,0.0023018975062077634,0.0017672867216442702,7.4710537685200311,7.7125613444783809,7.6700355565573037,7.5755388268595016,-0.21530565469701071,-0.20035712070955206,-0.19009994476080444,-0.21506929704336786,0.91385618248158029,0.90578715155070277,0.8946262043061054,0.91590154432848103,0.25025701262338701,0.14269744906009904,0.25201721426771762,0.2113315505325922,18.599397590361448,19.729824561403507,18.913043478260867,19.569491525423729,5.014957043647656,4.9572263173014388,5.0707198220137455,4.9579940763574317,92.300361082885672,78.751566635887968,89.725771896660433,89.83161160586036,32.523132439396164,33.201049553708856,32.306080655324493,35.684174087905745
1,18,335,157.0,117.0,1.0,2.0112466913649185,0.60387272356309118,0.0,0.38505747126436779,0.121036296962641,32.4141966310575,34.409301068170507,5.8309518948453007,2.1181506031588486,2.0,26.805138759527541,25.836732399551643,55.407665007444436,186.49599999999978,0.49519586104951957,0.34261688337717394,0.071548407609482112,0.078436569854732824,0.011134275614367745,0.072676331563464147,0.025455988511835833,0.036913233018095223,0.018693302128729189,0.019676625379104105,0.023114720102067551,0.023593199317815287,0.00557891715374257,0.023057728028485328,0.019105947954195193,0.0041698946002954552,0.011164634845842621,0.0032791105337375312,0.019337493684074926,0.011942952750524444,0.0092506937548090407,0.0020824695338559074,0.0088639976451074503,0.0088822330990512375,0.015443050257260152,0.00022088108807583788,0.0090609541369074363,0.0058918586455149521,0.010719710129548468,0.006757901394434291,0.0064546675745796398,7.5254904320463538,12.27451020013541,0.011764706112444401,0.015686274506151676,4.3738611157283449,0.12156862765550613,0.12156862765550613,0.056160376358554878,0.03664032895562809,0.023529412224888802,0.0039215688593685627,0.0039215688593685627,0.033841945781682661,0.029925297996063627,0.062745101749897003,163.31884984620208,113.13642176467869,0.0,159.80895522388059,115.74626865671642,162.0,103.0,0.0,18,18,18,0.026051335362986063,0.02911692684419958,0.032241735537190078,0.022191569637713494,39.378109452736318,17.606060606060609,21.345454545454547,67.929936305732483,0.55044071738348777,0.76071669756677229,0.62972493873071678,0.10662688898842503,3.6734069914444039,3.0293063975985821,3.075804997375279,4.0096295942338163,0.0020980829295685743,0.0043848164409243957,0.004153861053719005,0.0013675995349709926,6.3632864273459226,6.3570750643519647,6.2779692078792504,6.2454819076754839,-0.37403802118642449,-0.39449216819824884,-0.3241140243969573,-0.29988799870911931,0.97287023449309895,0.97776266279387758,0.95488924648239326,0.9431670355494437,0.26850377242353268,0.42876900200831936,0.38760567272912472,0.18392305156612104,14.711442786069652,14.707070707070708,12.881818181818183,13.242038216560511,4.7421779650576408,4.847518303973537,4.5286055453402092,4.4983408762304924,135.80728199797034,129.55055606570758,93.949669421487556,84.145239157775137,43.796347862676669,36.789154167942037,28.823780991735532,38.018793865876937
1,19,172,112.0,108.0,1.0,6.5484388255307788,0.8028811890165598,0.0,0.17444219066937119,0.054836348209831409,45.99839946018102,36.715119501371639,3.6055512754639891,1.2823500627727242,1.0,24.748737341529164,27.421443289526952,-32.292017791733251,198.53399999999968,0.24981844589687727,0.16149227510337982,0.020270508806001918,0.014929525951575503,0.042512873205257574,0.027465841918684224,0.016404175073564949,0.036325050007359097,0.0051429914407169946,0.016991875889443002,0.015779049267642859,0.028642001555894643,0.0043912300573762152,0.0040512369698200157,0.013312855517540091,0.0039223715195889405,0.010450828308645492,0.0098651192764890681,0.010617848792908842,0.011312972955487466,0.00029283449545039459,0.0099993859567446951,0.01097985084530979,0.0095069062642071864,0.0018370020634398117,0.0064317072444206574,0.0040261479658582145,0.011953342573532111,0.0079667831074522535,0.0056683652995540117,0.00021553211975696389,10.756863076239824,12.623529803007841,0.031372550874948502,0.031372550874948502,0.91368811577492492,0.18431372940540314,0.18431372940540314,0.084037992783123627,0.07339261513376652,0.058823529630899429,0.015686275437474251,0.015686275437474251,0.05017913968947723,0.047447703898722264,0.11764705926179886,101.31283006863579,114.38583409449338,0.0,102.20930232558139,114.20930232558139,109.0,123.0,0.0,19,19,19,0.013552295918367345,0.021050248981439562,0.017795138888888888,0.016723356009070291,21.732142857142854,7.744680851063829,58.541666666666664,154.33333333333334,0.86557565560763794,0.84887726798932939,0.61913582687170654,0.44734374048435932,3.0623816947762048,2.4265133195786186,3.5082227232959426,3.5557596154033497,0.0023030045351473908,0.0042720986746139509,0.00171802662037037,0.0015737197656840514,6.3339660826946229,5.7669388514935118,5.9803885422075336,6.0172010536796305,-0.55234054152138345,-0.53815725215257859,-0.6168175730490838,-0.74504022942844905,0.99601205366334677,0.99281374880507434,0.99758423166103338,0.99960534262078116,0.14519069059599904,0.40611929255654705,0.045723427929140775,0.035185611971303425,27.303571428571427,23.191489361702125,28.041666666666664,38.904761904761905,4.6889765205738421,4.3762042136935069,4.4387218755408666,4.7193492678623219,301.60427295918385,94.750565866908119,248.87326388888891,404.18140589569134,80.834103954081684,25.623811679493002,76.853732638888886,139.62868480725609
1,20,397,48.0,142.0,1.0,3.5415131606379835,0.59062199235714141,0.0,0.21982281284606867,0.073397003243334133,46.55306348680282,42.953463189829058,4.1231056256176606,1.6037252697375954,1.4142135623730951,32.062223985502811,37.565918419338814,83.46447099236066,260.71199999999948,0.36371965185524513,0.26397261984541975,0.029525076744462989,0.010589813285898021,0.023241663851774206,0.036245603756483988,0.026471870831935848,0.058824480291430732,0.029137959128242259,0.0092375325303819672,0.048878526768208128,0.017909139104970676,0.015695077607800215,0.0002445323085042304,0.01083878988780727,0.0089391165896078959,0.006173225105947814,0.0061070733167931934,0.0065970136920521505,0.0036611025301506225,0.0064379325643996749,0.0055997424997458215,0.012907535133499343,0.0056172565220775706,0.00089332372064991432,0.0029810225797171504,0.021394236968764888,0.0094645837813413774,0.010476771571691874,0.003448385055319561,0.0072369838145237599,9.7725493083707988,16.211765196640044,0.019607843831181526,0.015686275437474251,2.6391458183898759,0.12156862765550613,0.12156862765550613,0.050898694314431246,0.040835680596070643,0.031372550874948502,0.0039215688593685627,0.0039215688593685627,0.033099329049263729,0.027473022583611225,0.06176470872014761,46.312772119174667,128.19835513619594,0.0,45.158690176322416,130.57178841309823,57.0,119.0,0.0,20,20,20,0.011022727272727271,0.0092045149153453382,0.0084824053078021329,0.0094794024445450428,32.186363636363637,117.08196721311475,65.608465608465593,29.57021276595745,0.50745658722511511,-0.013647156270467737,0.055885488046291926,0.54166701165286191,3.4998657899680858,4.2335070148059435,4.0238081039340683,3.4681175177584951,0.0028083032024793378,0.00090465222722386455,0.0012428952419445143,0.0027281681473517441,7.1066807529991785,7.0115654893053643,7.1612492708921724,7.261965660617566,-0.30688780577020047,-0.37320908107079015,-0.24940617662542383,-0.26125986751183738,0.96121929052052091,0.9797597506328759,0.93275866654850081,0.94192492409021544,0.29265568459809232,0.075615706411841468,0.14774873814076495,0.26790576913997122,18.204545454545457,21.295081967213115,18.0,17.782978723404256,5.0464454381467903,4.9979199735451347,4.8800775452644585,5.0104305895840779,98.508161157024745,113.92932007524865,73.375661375661309,99.463540063377081,32.673631198347096,57.752821822090795,34.746031746031733,32.258438207333654
1,21,196,118.0,111.0,1.0,3.8324151233489503,0.58653848224829852,0.0,0.20480668756530826,0.076947887958757233,34.005469022598533,33.526109228480422,3.0,1.378768124295473,1.0,25.92341662304112,27.5417557068345,83.883058046304484,178.90999999999985,0.3462897526501767,0.20977209306099473,0.040572219949243545,0.025435006074755417,0.02079637077202881,0.029231563588833349,0.036358072205633932,0.038014128664865601,0.01531507940268032,0.019142438374643148,0.0044962696160453256,0.010397279003804856,0.015119046153756886,0.038529656113649224,0.015397025215880201,0.0099942495867517758,0.0099966317875997933,0.012709205357479252,0.010170778322953733,0.0073202198841423914,0.018004622525058609,0.0039025002668727445,0.0068615335183867688,0.0090756700634999476,0.0044899233188932684,0.0039862215832634461,0.0054167195086134885,0.022382320346548887,0.0092924429976323584,0.0045266869666238645,0.0068256631379621591,10.701961100101471,13.745098430663347,0.035294119268655777,0.023529410362243652,3.4813366974858941,0.19607843458652496,0.19607843458652496,0.086306137904044122,0.070128053217670142,0.054901961237192154,0.015686275437474251,0.015686275437474251,0.051301708575552871,0.04694723218046757,0.094117648899555206,117.37574892220799,123.61255349471446,0.0,120.01020408163265,121.33673469387755,114.0,131.0,0.0,21,21,21,0.011803213648085698,0.015900860117700314,0.010987654320987654,0.016966759002770081,64.408450704225359,24.287234042553187,41.677777777777777,172.52631578947367,0.72082635255192462,0.76396339816946801,0.53203331034554457,0.3520256351567867,3.769102847368091,3.2218452319427522,3.5245732152161207,3.5445313041488338,0.0011830708299594231,0.0024781533167328278,0.0017602916257279965,0.0014350968783581003,6.6214404293028943,6.4503974950875183,6.7460818132323004,5.9912199475971777,-0.56203631250752251,-0.51232791159574032,-0.40372886435888172,-0.72290811734341753,0.99717087319753583,0.9941011546076115,0.9833815373739726,0.99943326578164582,0.085111666343525266,0.3458304001845694,0.15094826493876307,0.039570856326118647,30.830985915492956,26.478723404255319,24.722222222222221,36.736842105263158,4.904625598463725,5.0340255218171173,4.6697704638920978,4.1857030930067358,397.01368776036509,181.50486645540968,136.44506172839522,359.98337950138512,115.35553461614759,51.448025124490783,44.530709876543199,133.12742382271477
1,22,89,100.0,143.0,1.0,6.5581513693919664,0.85102603294848378,0.0,0.22704081632653061,0.055485848773897999,34.161040678060473,28.160255680657446,1.4142135623730951,1.0046540849704841,1.0,13.0,17.938765276762716,0.15370770209409607,141.97399999999999,0.29132569558101473,0.1410744087194804,0.017158046850968507,0.0063804899122284686,0.038107981700525921,0.011759496758506453,0.010157764908156786,0.010004148552650494,0.00055983895750671032,0.0049093814166557229,0.00095429221788514594,0.0042003394993633709,0.015033951448685816,0.010208678274386545,0.017974047125339163,0.0041578013655115785,0.012314998463773624,0.0065138678544878108,0.0042300302853929403,0.005041639773140566,0.013790264847832181,0.011637835919059427,0.014193293829630881,0.010940289155751211,0.0016535064188105621,0.012735656453663034,0.0018848844112862508,0.0033166872760813202,0.0015080906066466547,0.0021249844896947352,0.0054019467556880802,9.4980394933372736,9.5607845950871706,0.062745101749897003,0.047058828175067902,1.3459752342447264,0.19215686619281769,0.19215686619281769,0.10793226696974174,0.1074245460122154,0.10196078568696976,0.027450980618596077,0.027450980618596077,0.051681649162814002,0.051610719765164591,0.16078431904315948,110.90237897241369,137.72190320812825,0.0,109.58426966292134,137.44943820224719,114.0,132.0,0.0,22,22,22,0.021403091557669437,0.05000000000000001,0.06597222222222221,0.071428571428571425,90.689655172413794,142.30000000000001,13.666666666666666,171.0,0.75507700607570838,-0.32674467390797735,0.53120533587422614,0.024393083774816745,3.9353986674667629,2.446439344671016,2.2841591278514217,2.8073549220576037,0.0010506539833531508,0.0035999999999999999,0.0046000000000000017,0.0024571428571428565,5.6855672020241235,4.3219280948873635,4.1053885422075336,3.8073549220576046,-0.7869529549287515,-0.82689669581776515,-0.74994225846377294,-0.96101590136907855,0.99968718798364742,0.99886991300976224,0.99636515034487494,0.99956327640451903,0.16433374065568601,0.0080380831821670572,0.18513309689780275,0.078804826933565386,60.827586206896555,46.700000000000003,31.833333333333329,47.857142857142861,4.7200499606448139,3.1219280948873624,3.0220552088742005,2.5216406363433186,649.86682520808517,72.210000000000036,44.638888888889142,179.551020408162,185.13912009512501,53.627499999999941,14.576388888888857,87.637755102040842
1,23,212,133.0,124.0,1.0,3.8421392802498331,0.56675953981041616,0.0,0.31407407407407406,0.09949926306366888,35.165483789263355,29.832867780352597,3.0,1.3620023772425904,1.0,24.0,28.972253379506281,39.86396056425135,163.63,0.36646499567847884,0.30328852076837581,0.068567287102739627,0.08112984004781354,0.01875815907489493,0.035917186540133067,0.021008895120820707,0.077292427120923338,0.014597549871258463,0.014027512168209327,0.021940020593663793,0.0074476074165063565,0.013459391773898896,0.048774637230965846,0.010716175993595497,0.0059353987898301402,0.01741263263124232,0.024454763662403067,0.0078662382694434617,0.002050239663538355,0.001269554205829784,0.020320332964486529,0.0056216582673694181,0.0072445863053978857,0.0040867968040545974,0.013889888101627735,0.0074001759472130651,0.0071958917610454786,0.0040671158504756721,0.0066985044558820813,0.0035067644330954231,5.898039405234158,9.6117650000378489,0.031372550874948502,0.011764707043766975,0.75406948415059571,0.12156862765550613,0.12156862765550613,0.047951539879952501,0.045338514151121931,0.039215687662363052,0.011764706112444401,0.011764706112444401,0.023682023414371107,0.020230948646268381,0.058823529630899429,141.76621786712263,131.83802529781289,0.0,141.85849056603774,131.08962264150944,144.0,125.0,0.0,23,23,23,0.011922115785089542,0.014577594123048668,0.0077285352010626751,0.010694444444444446,55.877551020408163,72.348484848484844,69.879120879120876,55.133333333333333,-0.0095148516714009135,0.0012533850110368842,-0.17893010487070748,-0.17828647416413404,3.7807508258903786,3.8905308175641937,3.8948977921100192,3.7597446565395702,0.0019584125104123284,0.001405209768135904,0.0013367148819587004,0.0015928819444444441,6.7890348751264984,6.3814412784165828,7.114883788526571,6.6443091372391265,-0.36837849510989157,-0.43410676959402861,-0.32834773556214764,-0.39959958139762319,0.97640835985448771,0.985360133601627,0.96896167621200113,0.98172029540739991,0.25151119864684601,0.15731142093779199,0.13537593435560311,0.1092735201714847,22.632653061224488,21.984848484848484,23.505494505494504,25.533333333333331,4.6469323962411746,4.622056195405011,4.4870520968001024,4.295170188871225,54.824239900041675,72.530073461891789,48.667552227991791,38.448888888888973,27.675447730112438,36.219639577594137,29.636668276778153,23.395555555555575
1,24,366,79.0,157.0,1.0,4.5035151733234731,0.66287040099453665,0.0,0.19837398373983739,0.075711668878253952,51.837718079995085,44.407206622349037,4.2426406871192848,1.6069115898531734,1.4142135623730951,35.226670907073611,38.812669926809761,23.007700900879879,246.4699999999994,0.29926410466067055,0.23466180989154678,0.055601781056510848,0.040121522756775552,0.025752924370556853,0.03652011114242714,0.025985005065761572,0.047207891369032903,0.019319385213570225,0.027296789062245856,0.0033427908417596949,0.021606427624747512,0.013662161944011026,0.010330069467288467,0.029880708166536291,0.0070281948686568797,0.0054293286487298777,0.015352401167132447,0.015739226934877785,0.014673921394227015,0.014336564683651357,0.0050311709793664445,0.004544285871749573,0.0055314311493854518,0.005296245306890276,0.0074386305855837992,0.012680021440677796,0.016790093345127887,0.006136467769185085,0.0095874944504768644,0.0069027397791396805,8.0196081213653088,14.819608328863978,0.023529412224888802,0.011764707043766975,0.87316951552132893,0.10196078568696976,0.10196078568696976,0.04556595523503016,0.040490733138972619,0.035294119268655777,0.011764706112444401,0.011764706112444401,0.02387501446206098,0.020525314786461395,0.054901961237192154,77.329452226659015,144.61312516354673,0.0,76.614754098360649,145.11475409836066,83.0,154.0,0.0,24,24,24,0.011475315065325471,0.012808147833802708,0.0095755959098526022,0.0097364150695144949,35.112903225806448,24.391304347826086,52.011695906432749,57.569536423841058,0.34297107298888146,0.55612367937830964,0.11464364510626893,0.069010872413771421,3.615351121729713,3.2444699116514784,3.8485569779858007,3.981665047303911,0.0022831441299857678,0.0038421056614513392,0.0017884578604116237,0.0014757613270998818,6.8565661556981539,6.6991164720831922,7.2105201276270208,7.1579081968189779,-0.27857405869893503,-0.33940045613886327,-0.24158352369489808,-0.26824345743649136,0.94408677127427432,0.96712227851056576,0.92849612335570231,0.94398947743915052,0.26775519546515036,0.27730461781193122,0.20660058926084079,0.20993486182328266,19.370967741935488,19.583850931677016,20.409356725146196,20.960264900662253,4.8159176945825362,4.7574507105684667,4.7727939014582077,4.7386876030889642,71.77098508498085,85.51004976659857,65.48154987859516,66.104381386781256,26.720972077696842,27.475338528606144,29.373311446256949,30.918479452655532
1,25,234,159.0,155.0,1.0,2.3379043160376689,0.35616432296586775,0.0,0.3482142857142857,0.16107384239097922,27.301203209535117,27.294688127912362,3.6055512754639891,1.5519966895445847,1.4142135623730951,20.523907260333477,25.510881441003118,71.019821396006989,135.114,0.52881355932203389,0.39991685029265511,0.0082156482439085157,0.025670105861153092,0.012641266720131708,0.063861272920404374,0.026082440495700372,0.098524154466551064,0.029927333713809793,0.024427197514875112,0.040088975698997116,0.029923893127300188,0.00532152407676789,0.021975542567826717,0.0047002840398428607,0.011401851402020104,0.008453577348367226,0.020354398702756901,0.0084656066635269769,0.011064937383528959,0.0027342358271875361,0.0092184112789244991,0.022205644507079455,0.0039601799250412167,0.0034586756398009102,0.012084078565565565,0.020867384166754818,0.018417048506377088,0.00053861754917586594,0.0072424765360240059,0.0022528120899647131,5.2666668435558677,9.972549345344305,0.023529412224888802,0.015686275437474251,1.7592958312642779,0.10980392247438431,0.10980392247438431,0.049221185453793156,0.04261773224506113,0.035294119268655777,0.011764706112444401,0.011764706112444401,0.027942579983624316,0.022970991595895513,0.058823529630899429,160.38891072104073,146.0188753448617,0.0,160.82905982905982,147.72222222222223,167.0,139.0,0.0,25,25,25,0.0099054820415879034,0.0098702001081665755,0.0086293776769967231,0.0086162551440329208,51.521739130434788,82.883720930232556,45.325396825396822,43.953703703703695,0.19446889328803887,-0.012868047982551362,0.16710486337580344,0.31373038528339875,3.7913626602733324,4.0783305654702637,3.702231259809321,3.6323476180797396,0.0016034561429929717,0.0012353626249108529,0.0020472274874630343,0.0021870805054404812,7.0618429598246895,6.8273138825587605,7.1169336695800114,7.0370233816729053,-0.323388281701536,-0.39613201805162829,-0.2760926649977351,-0.30255199381478393,0.96664455033441865,0.98269833917882177,0.9474585338496041,0.95844338732275913,0.22406555221964031,0.11501691014420129,0.21013561419711263,0.16523070949699131,21.191304347826087,21.674418604651162,19.944444444444443,20.768518518518515,4.8126150003021024,4.7982034934422746,4.7026731783229678,4.7584700037854839,76.398185255198484,80.777717685235416,63.512786596119952,84.140860768175685,31.979981096408338,40.915359653866972,27.209545855379204,32.023641117969802
1,26,225,121.0,169.0,1.0,5.7703869220355664,0.74988878502625034,0.0,0.18382352941176472,0.057344375451157913,47.94498648878843,38.288379438153292,4.1231056256176606,1.5035803424789056,1.0,28.988218842888024,31.718672837931774,55.74239773634406,222.04999999999973,0.26897788404064554,0.18132070897522801,0.040209917551812427,0.026271037349275259,0.045099421800969181,0.012446168055159891,0.039413469142080042,0.021222777397434455,0.026455074601791841,0.020954559506797379,0.017272809410083238,0.0097488080188058279,0.017760943102701203,0.017402562955078547,0.012215193993328948,0.0045386911777108505,0.0039293804907808618,0.0035470626727053382,0.0036790565458885475,0.014166687032086404,0.0078621861335270715,0.0028285033507568971,0.0058579460137783345,0.013546779834175961,0.0052894100086401984,0.0060576109248917914,0.0064402538916718093,0.011251021275063519,0.0026526923988935513,0.0043525029351217243,0.0036360935592959285,13.184314174577594,15.635294638574123,0.027450980618596077,0.029411764815449715,5.042775436910456,0.18823529779911041,0.18823529779911041,0.08908320388228104,0.069490198393662772,0.049019608646631241,0.015686275437474251,0.015686275437474251,0.053102937266841288,0.051624132481792394,0.10882353037595749,116.40707300692256,153.41936293534607,0.0,118.74222222222222,157.88888888888889,108.0,142.0,0.0,26,26,26,0.028476454293628807,0.015175560404681612,0.015431301652892561,0.022491349480968859,16.88421052631579,47.591549295774648,52.704545454545453,66.39705882352942,0.9244623432040896,0.77697043504937524,0.50772882533433716,0.40207468516024641,2.8707229135160439,3.755126033052739,3.8283545479720464,3.8808740575295961,0.003212881059484681,0.0013202856939609157,0.001148905758964068,0.0012341671362422523,5.8620540899561959,6.3225773173469282,6.3611504766856548,5.8831934969572401,-0.59721554860351111,-0.47705367901748669,-0.447168773932272,-0.50432755489087511,0.9965960413842484,0.99043236970296333,0.98709726062980063,0.99049469389220413,0.4228979686433374,0.19728303838524502,0.17227806828842854,0.12568301458757394,24.673684210526318,24.267605633802816,22.090909090909093,20.838235294117645,4.7686403743674886,4.5988579091039119,4.648542454588533,4.5023091656353271,430.15667590027704,379.18190835151768,161.42355371900823,155.69442041522495,111.76022160664817,106.69336441182307,53.532024793388473,55.522869809688586
1,27,103,98.0,151.0,1.0,4.2983699596510769,0.862227632115937,0.0,0.25750000000000001,0.076536121412787012,29.992543311114634,25.298221281347036,2.2360679774997898,1.1225324688189322,1.0,12.347331848362419,15.191852644857951,16.023123958203037,130.04400000000004,0.38007380073800745,0.20491198923081522,0.070636563398914914,0.024271128821514013,0.04386878695197198,0.0058708277578951359,0.030589703444559628,0.012253376370584832,0.0072052223275124398,0.0093833607973323602,0.030237600130064823,0.0019289279684820174,0.0076911903853190376,0.033500774982382901,0.013251552510361354,0.0070475101858924836,0.011867358276478036,0.0061360541944012114,0.015958468253420243,0.0061376979406682569,0.0079438098247187356,0.01392526625071493,0.015156758242919118,0.0091624668373954735,0.0011303368836101018,0.0085637370670669632,0.013686613446409292,0.0030154592190620695,0.01305356301498309,0.0029570181908613303,0.0081767608300056284,8.9137258045375347,9.9568630829453468,0.054901961237192154,0.039215687662363052,1.9446027569170139,0.18039216101169586,0.18039216101169586,0.10739428680165704,0.096668573620828604,0.08235294371843338,0.031372550874948502,0.031372550874948502,0.045149188653802949,0.046196520163082032,0.14509804546833038,102.8940527622743,156.62701852104442,0.0,101.1747572815534,155.71844660194174,111.0,154.0,0.0,27,27,27,0.019044321329639888,0.04142011834319527,0.031855955678670354,0.024234693877551016,42.0,151.30769230769232,100.31578947368419,14.035714285714285,0.81202811767768812,0.30454057141302865,-0.15001587805652591,0.76496972415339715,3.3141395277761108,3.5465935642949384,3.2608281712244551,2.6514789228933084,0.00202269988425592,0.0014357617171281551,0.0020816378226068367,0.003292421540820946,5.8660913291191914,4.6235166412180151,5.0374011976541109,5.4946803684089085,-0.70089783946156303,-0.80626163008382989,-0.71913690600829849,-0.58396565379945264,0.99910841059883859,0.99902997769061541,0.99825105267125347,0.99460566043620502,0.11999450169294397,0.14441757836342978,0.016463171114906004,0.17618922413040061,42.421052631578945,66.84615384615384,33.473684210526315,30.25,4.3988574474833113,3.7004397181410926,3.7871439606981392,4.1105772433316421,404.87534626038814,283.82248520710164,74.144044321329602,105.40178571428567,111.71883656509692,108.78254437869805,43.614958448753441,29.859375000000057
1,28,187,154.0,162.0,1.0,2.9619124880985943,0.78289580930073011,0.0,0.32692307692307693,0.10519936971614957,31.919358987855521,29.832867780352597,4.0,1.5591352101182621,1.0,17.102631376487071,19.858719728793957,44.533278359117041,149.45800000000003,0.44630071599045334,0.2675233650173881,0.056120435307049008,0.031997356870973624,0.055594637102394179,0.035870425606663058,0.026020981198916805,0.040804617456586909,0.0065555637571682391,0.026487114539965197,0.023690649847049002,0.022036733851304325,0.010787644975875293,0.033447351448010608,0.027841222912422463,0.014396375147128673,0.013303213042967967,0.0070864004590683221,0.017364091124631744,0.0061680794632550636,0.0053624591308198324,0.0086281346401147294,0.020941457142531372,0.010661372896806137,0.0062811721699853598,0.0074136355443469243,0.010409548558004644,0.0050658579299170253,0.0019804697342329872,0.0067776908671785237,0.0024960490074773215,8.0196081297472119,11.231372923590243,0.031372550874948502,0.019607845693826675,3.2299048543107856,0.16470588743686676,0.16470588743686676,0.078623609115168747,0.060060817773209853,0.047058824449777603,0.011764706112444401,0.011764706112444401,0.048027257951558398,0.04197720168884396,0.074509806931018829,145.23219274204988,157.07367318787445,0.0,148.42780748663102,156.6042780748663,144.0,166.0,0.0,28,28,28,0.012498421916424692,0.0094401041666666661,0.01624323198667222,0.018786781349026706,53.415730337078649,31.520833333333332,16.285714285714285,59.808510638297861,0.46475883495931697,0.85069309169780449,0.84637265494548708,0.15177215718124129,3.5670035577493082,3.5667119245519903,2.9880366668017251,3.5143693748280471,0.0017169276185894382,0.00163939967550027,0.0035901977925638972,0.0016805237240542822,6.5640596614448521,6.9076755214643448,6.2865978245394825,5.8945984259615978,-0.4741155621678444,-0.4704753978253462,-0.51505220916362671,-0.50778506233227716,0.99150261059312483,0.99283899323114,0.99359666884073727,0.99090772822141882,0.061436205164192265,0.21034626942246898,0.32436406297234077,0.07586724657248127,24.022471910112358,28.854166666666664,23.673469387755102,20.74468085106383,4.6886370841050393,4.9273303762721081,4.8786981464676753,4.5324803406710892,146.17927029415478,390.70789930555566,195.73011245314456,81.21140787686744,49.898750157808365,105.55718315972229,53.003956684714723,35.254979628791304
1,29,558,45.0,155.0,1.0,2.9609391046171036,0.55172884296110736,0.0,0.33273703041144903,0.10761641816062245,49.791004636773323,43.657759905886145,5.0,1.8666934137397124,1.4142135623730951,35.029442697109857,41.526870501650251,37.372388107212672,255.25999999999959,0.43850687622789791,0.36227607935440526,0.033371601825855982,0.032477436995691465,0.036739935600145282,0.011747187934340396,0.020394387637629848,0.11577598890828578,0.023650120556793396,0.018758701484918518,0.02513732240893644,0.013507348087650551,0.015940670048241613,0.014500853306797516,0.025606112474533333,0.016234115784997009,0.0084592461788685139,0.0062647480617719397,0.0077567102104385954,0.01295277169809394,0.013271232812967765,0.036297301756684185,0.0078777065061572983,0.0042241619044169083,0.012710180662392177,0.0056316640343092514,0.022105498138162875,0.0047425355011069649,0.0027084657358491513,0.0024220092104633786,0.0030651243141605828,8.5921571692451835,19.988235958386213,0.019607843831181526,0.015686275437474251,2.1854928200749808,0.10980392247438431,0.10980392247438431,0.043176669192186851,0.035821211394957371,0.031372550874948502,0.0039215688593685627,0.0039215688593685627,0.030069475491389643,0.022696456876494828,0.050980392843484879,59.339219143235304,162.19992149826615,0.0,57.172043010752688,161.91756272401435,59.0,179.0,0.0,29,29,29,0.0084910395597858415,0.0058724832214765094,0.0095203898091223912,0.0067348998499042502,46.228658536585371,49.711409395973142,22.212435233160623,40.190647482014391,0.22346063638279123,0.22125023417679329,0.56519070410285421,0.30061412822534378,3.7796165910299933,3.8775826440706318,3.3392298241338407,3.6770064352642642,0.0018276679061851673,0.0014684773066482998,0.0030105429575410319,0.0021242896699672068,7.3479791518698905,7.7516876594511945,7.2823747252969859,7.573967442762104,-0.25372535884443853,-0.19634384157739257,-0.24575797568308516,-0.18051667362370205,0.93903421805527421,0.90280212254610592,0.93275229311178554,0.88176542953560455,0.13069381500192434,0.18105464045022346,0.29361149085327021,0.22206969420419537,17.722560975609756,18.691275167785236,16.730569948186528,16.665467625899282,4.9619014841709665,5.0039920057339344,4.980051710227456,4.8881811563691659,72.834612953598992,77.95838025314174,79.958495530081336,74.740606076290021,29.765817872546123,31.917447412278705,25.54273269081051,28.732813389576094
1,30,213,161.0,168.0,1.0,3.0286541246497158,0.53859610408916736,0.0,0.3034188034188034,0.11910452436754579,31.020300645554254,26.570660511172846,3.1622776601683795,1.5225137011683503,1.0,22.627416997969522,26.136591217477509,-56.033786875900411,149.91,0.41723800195886385,0.35908026226843426,0.070885308089675456,0.060813350775606248,0.033988463113348404,0.066274389309772128,0.040308743578782599,0.071598182803375585,0.0056066669404597853,0.010473824938612899,0.015985609838618495,0.0057321849567171183,0.0066689304911698539,0.0063704761841757102,0.028588311880935961,0.008257879903564273,0.011990533210463427,0.035757918106336807,0.0051732392521467397,0.014270375858021938,0.0090092398001407233,0.0068757927679988593,0.0098519624014178821,0.0076133574306233376,0.010845065910733521,0.0083025443420716698,0.0084492339024797164,0.0028219898422491511,0.0040489683375780437,0.0027005291171737409,0.006371161391354018,6.3294119341298938,9.7529414547607303,0.019607843831181526,0.019607843831181526,2.6223537633344209,0.12156862765550613,0.12156862765550613,0.058605666056758272,0.045788457534087938,0.035294119268655777,0.0078431377187371254,0.0078431377187371254,0.034641893630095767,0.030073741406905895,0.070588238537311554,170.20747889008567,164.77643746287066,0.0,167.73708920187792,163.89671361502349,167.0,172.0,0.0,30,30,30,0.0092500000000000013,0.014542936288088643,0.014280328023376377,0.0094752186588921254,97.110000000000014,79.55263157894737,78.165048543689295,80.867346938775512,0.031027379388552011,0.32039886056740929,0.12445565728409602,0.25774143712305936,4.1944647265753954,3.9567176734485092,4.0491992817768994,4.0094421157769293,0.00097968750000000009,0.0014797221260387807,0.0015006973736921476,0.0014638269210745527,6.9875642849438169,6.5291223755081811,6.7246238493806541,6.968952573552512,-0.32906211437390648,-0.40422595686724422,-0.37699564023564036,-0.39017464086133441,0.96757943203881469,0.98153091945322668,0.97776287975557796,0.98279661884504932,0.12179236807538164,0.22084956912618425,0.17535943743186455,0.16655588205346572,20.469999999999999,21.552631578947366,19.038834951456309,21.948979591836732,4.7874944156634598,4.8283181001287074,4.762286178292646,4.8172380690564065,103.32909999999998,154.56301939058181,100.38684136110851,137.02800916284889,50.109774999999985,58.528912742382275,44.637972476199437,54.473839025406107
1,31,310,82.0,164.0,1.0,3.744675941381892,0.84947837738417165,0.0,0.2767857142857143,0.10232175565689232,48.080208786324512,40.024992192379003,3.6055512754639891,1.6670995913079021,1.4142135623730951,24.349537983296521,25.368244787578831,16.491911379672651,195.11999999999972,0.42758620689655175,0.24638218406235979,0.032248360884278356,0.010622881328064226,0.060773516795295857,0.022516167840192679,0.0073019178776747382,0.066808693972572442,0.027689545369932553,0.033030824153499928,0.01244148220937117,0.010188105331880989,0.0041520127556457474,0.016665841825726304,0.026433963762232345,0.016769624837441557,0.015490391747962408,0.019143507192184935,0.010240710262689945,0.006885431544478661,0.0045652535637148517,0.017308731882413855,0.0095989284083219731,0.012957439223315549,0.0051977485264724449,0.0092157595958677931,0.0078388700989639338,0.0051595729190059393,0.0029285064335204422,0.0019023862270075961,0.0033554481642650551,10.211765039712191,16.078431872650981,0.023529412224888802,0.019607841968536377,1.4369941012894565,0.16862745583057404,0.16862745583057404,0.07294117885508708,0.051865909266616064,0.039215687662363052,0.015686275437474251,0.015686275437474251,0.043607824477244719,0.036459905657093526,0.068627454340457916,97.325609777882391,168.69146338724599,0.0,97.487096774193546,170.11935483870968,102.0,160.0,0.0,31,31,31,0.01276489497830904,0.010642538265306121,0.012486992715920915,0.029974489795918362,46.273743016759774,116.16964285714283,44.877419354838707,17.470238095238095,0.65794493623511441,0.17307572813220046,0.19120404960587162,0.68498433642303092,3.7787434991704005,4.1958674292829805,3.7462866132185697,3.1163637430724398,0.0014277129689981398,0.00085681870888851372,0.0015069314849373496,0.0028139699405933154,6.8587194921254762,6.8436433419723581,6.7924881909155612,6.2764849391293511,-0.36709535294655299,-0.43478388315604699,-0.25379160462877109,-0.38415333903527626,0.97684013453573881,0.98877438300163245,0.92798626864389189,0.97438598701645818,0.17349694639015628,0.038483031857692002,0.16607417184104817,0.39445683411615928,23.03351955307263,25.651785714285712,19.858064516129033,20.00595238095238,4.9379667709397079,4.8654536877846066,4.6754310834015635,4.6724752006630341,224.28937923285764,164.79838966836724,66.095983350676363,93.446393140589578,67.640780562404387,70.24200813137756,27.743350676378753,27.729157808956941
1,32,490,158.0,178.0,1.0,3.8514240433531173,0.94723834065675305,0.0,0.24847870182555781,0.072224058111034134,65.963648514265429,57.314919523628397,6.0,2.021385347298911,1.4142135623730951,26.23203406183115,21.143332897921368,19.076018720720331,291.98599999999954,0.41684389621437684,0.18594743436874531,0.031968541887709402,0.042352957556849986,0.048866533470093947,0.032917684430102637,0.022354145383172656,0.032497565323110711,0.017301197113128594,0.017779068260087773,0.021157496431646522,0.01695713233196337,0.013057047932718625,0.028004183046138029,0.023209642985278861,0.0055236326061856621,0.0060777790379632464,0.013224166693998569,0.0063665655563066208,0.0097801624712350339,0.0076339525528259719,0.0032430335265153272,0.010314924563933577,0.013188006119919509,0.0041825804014941487,0.0029414297200703755,0.0050503522740228549,0.0072700486128577397,0.010210503489290057,0.0058133309350223922,0.0050473384934601895,13.407843588385731,18.337255526799709,0.0078431377187371254,0.011764706578105688,13.288832083383651,0.17254902422428131,0.17254902422428131,0.064152361666917374,0.037422970462856552,0.015686275437474251,0.0039215688593685627,0.0039215688593685627,0.057362529632632928,0.045690251678792142,0.050980392843484879,142.84666383726022,170.86035072176321,0.0,155.05102040816325,176.11836734693878,138.0,182.0,0.0,32,32,32,0.069406571953018067,0.040472321381000591,0.042673343966973171,0.057034340543725283,27.319218241042353,21.886861313868611,9.4520547945205493,26.949541284403669,0.80840379480897973,0.86065955332868682,0.89513271192646804,0.58922112380055847,3.1329943975497958,3.072165523425884,2.5430739456786031,3.0781538592898192,0.0035057437161791927,0.0033221578265711341,0.0048547894238142562,0.0035873856068564711,5.6176511076791602,6.0056034356393742,5.7540356937000681,5.449127637006387,-0.44599171056504938,-0.38497841808646538,-0.45864144953767255,-0.38473368515481632,0.97990974330535663,0.97103634224884283,0.98357918885443441,0.96198473483076663,0.46655780698254257,0.41673123168517973,0.51648180115320574,0.46194068913824626,12.348534201954401,13.062043795620438,11.856164383561643,9.6559633027522942,4.3686712051329799,4.5119380005699732,4.5117481163595237,4.1062962458211381,257.85572260713633,292.26257392508921,170.81492775379994,104.26237269590101,71.293735212044695,78.537358809739459,45.06674563708011,32.802978495076175
1,33,232,89.0,190.0,1.0,2.8934199848428683,0.77398452309044807,0.0,0.2857142857142857,0.105081227158222,34.954234149126748,30.463092423455635,3.1622776601683795,1.4991464200785451,1.0,18.657730165849067,22.133178887116284,40.051465591914798,166.56599999999997,0.48945147679324896,0.31830988618379064,0.052477689885149295,0.0078418346663144539,0.054216904806755818,0.0094106727261295646,0.018546202380608577,0.078715418298088438,0.038275204185507075,0.029900396905441572,0.018563911306901985,0.015784407583475712,0.015211136194906407,0.01088213386205,0.010776716453332901,0.0092542452119577494,0.01755161333532642,0.006511388294852578,0.0041469030757004663,0.014479637369744738,0.013045718969043831,0.010598371547202277,0.027039476627736373,0.0065756992944333527,0.010480549640957201,0.00849208784879181,0.0049637119552681814,0.0031224634673644755,0.0036429524718975329,0.013295438701764412,0.0022597697328731467,6.2352943047881126,10.337255213409662,0.023529412224888802,0.019607841968536377,1.7242594712370649,0.12549020349979401,0.12549020349979401,0.051108969711377975,0.044557134540558888,0.039215687662363052,0.0078431377187371254,0.0078431377187371254,0.031965367384225077,0.026232983993801372,0.062745101749897003,83.21054627074048,181.40743552989591,0.0,82.379310344827587,182.91810344827587,87.0,178.0,0.0,33,33,33,0.0091628488129945843,0.014430624320734211,0.0095697275184454672,0.0087190082644628096,30.846938775510207,62.769230769230759,24.299145299145298,34.590909090909093,0.46485668739472308,0.4850730300124419,0.4331871560524127,0.1867912595846615,3.5426635926922407,3.7176773342817362,3.2053511581915277,3.5021560765184567,0.0019340732301241189,0.0017127949195881258,0.0032013800467568937,0.0024325903664746645,6.9435421144129901,6.7316496898350628,6.9907395318834595,7.0220022134066529,-0.33866439631017492,-0.48382622768800548,-0.29051012613966248,-0.26899405987229708,0.97007202745131194,0.99316704777515075,0.95240705691234895,0.94192879822755071,0.19556408959563693,0.22624537906756534,0.14471447399584675,0.16053618211846848,21.030612244897959,25.120879120879124,19.854700854700855,19.990909090909092,4.8622732436672997,5.1345211576632233,4.7065637895909633,4.5813533009089618,84.437838400666351,181.02934428209142,61.440426619913751,50.481735537190048,28.821194294044147,60.949643762830647,21.434892979764797,21.268161157024792
1,34,108,136.0,191.0,1.0,6.3777888163318961,0.92966770783864805,0.0,0.16666666666666666,0.063691664966018302,39.315203325395579,35.057096285916209,2.2360679774997898,1.0884238562637456,1.0,14.776353114138542,14.483688515994395,-8.6073057281071641,145.97400000000005,0.29071332436069985,0.10965014402412898,0.032002326364273415,0.016209235753059981,0.036024278888728417,0.01869021873456727,0.015322978368985123,0.014129697875845842,0.0052398447306706468,0.016228027617055569,0.013324589783304605,0.0044937747909796046,0.0049459565498015763,0.0064035074675617473,0.002356235545595913,0.0066147692600365135,0.0055022712129601482,0.0087418774195052069,0.008218025592088847,0.0060809664368926342,0.0011588807864461421,0.0036170829986341812,0.0073285017553849962,0.00095260174453570899,0.0094162232091982538,0.0027773312165920044,0.0074873876040416482,0.0023508759799907809,0.0053506927079488564,0.0097856412501075955,0.0033171672633991213,5.9215688132680953,6.447059026453644,0.011764706112444401,0.043137255124747753,3.9529871765804097,0.17254902422428131,0.17254902422428131,0.06299541290710739,0.059694990985681887,0.054901961237192154,0.0039215688593685627,0.0039215688593685627,0.04966305764778467,0.047679081788331912,0.094117648899555206,141.9385644718636,185.31751825703108,0.0,145.53703703703704,186.9537037037037,138.0,183.0,0.0,34,34,34,0.052812499999999998,0.03968253968253968,0.025000000000000005,0.037777777777777771,39.074999999999996,89.666666666666657,92.299999999999997,113.53333333333333,0.85232687912983418,0.49781883988951331,0.36899675269184767,0.17261818005149837,3.2486042697151412,3.1348711391327275,3.7219280948873625,2.7898980954642876,0.0025895061728395071,0.0030839002267573691,0.001283950617283951,0.0031604938271604928,5.3280559073332761,4.9161269465882835,5.3219280948873626,4.773557262275185,-0.73628589591991267,-0.79819695197902185,-0.66833257409904212,-0.73640107280315759,0.99899350666638609,0.99927041372557746,0.99760374823073672,0.99808121182882503,0.37945447530789916,0.18510386168510781,0.076562061529228537,0.11586231583750328,25.625,23.285714285714285,25.5,38.599999999999994,4.5030559073332759,3.7256507561120937,4.221928094887363,3.6402239289418521,490.13437500000009,267.44217687074843,200.25,160.90666666666721,132.30234374999998,89.277210884353764,73.137500000000017,68.610000000000014
2,1,165,33.0,28.0,1.0,3.2379743418897604,0.90333874201751563,0.0,0.35714285714285715,0.10891790971754296,33.92808322034243,32.140317359976393,5.0,1.6992105555780481,1.0,12.528993402331876,14.552700449404933,87.689890803745101,137.97400000000005,0.47756874095513746,0.20090807917892695,0.059318932130252085,0.037309846999007377,0.060898964545040221,0.026904509197789177,0.019083811821620739,0.028500471253910264,0.037718701600495994,0.02287254102919321,0.0039451056914028455,0.013527120845092009,0.0053584909972676032,0.015136414669022283,0.0046611793005639415,0.01346700940403567,0.01039250731124397,0.0093598437202152569,0.0074438002639607192,0.0023230450051278956,0.0021479716789151323,0.0034185061334133238,0.012908354975421883,0.0035750510773320497,0.0023150279832448522,0.0064501556297879674,0.010344917789995052,0.0046358024616016576,0.0037929983103134153,0.0072309725835822142,0.001335246778626411,11.035294409841299,13.549019981175661,0.027450980618596077,0.041176469996571541,4.5232981826126721,0.20392157137393951,0.20392157137393951,0.11495098343584687,0.082115272613185825,0.060784315690398216,0.015686275437474251,0.015686275437474251,0.061505611361295065,0.062075599235378351,0.14019608497619629,31.668596238589583,18.189001454075523,0.0,32.218181818181819,22.67878787878788,27.0,12.0,0.0,1,1,1,0.030222790357925494,0.015608740894901146,0.015215553677092139,0.018601024727110713,12.743243243243242,147.41935483870967,82.681318681318686,90.611940298507449,0.8842640621022102,0.25622589900485365,0.81949156966122072,0.52586704806465612,2.7113511976336211,4.1479473278161985,4.0174718779445069,3.7187101845296393,0.0035168186573418759,0.00092018778647049825,0.0011227217499051756,0.0015564330703247472,5.5321639672672784,6.2142881977912747,6.3692961903731176,6.0716236608594034,-0.60494294422022965,-0.55756614573509378,-0.63121110853368845,-0.56134249259194358,0.99586776962449708,0.99589397911896582,0.99859369678983301,0.9956127970317814,0.43782471569310999,0.07178380276155609,0.14212068254760607,0.12138592916735558,22.824324324324326,25.451612903225808,36.549450549450555,24.820895522388057,4.6102817922824997,4.8229226734930419,5.1522095145251665,4.7691660115088013,207.46913805697579,248.98959417273659,833.41238980799403,291.60971263087561,55.053095325054784,99.102237252861528,229.0234271223282,95.555413232345757
2,2,76,105.0,33.0,1.0,5.7006205993424466,0.61755118161905131,0.0,0.20105820105820105,0.064556807136027947,26.147008844466427,20.248456731316587,1.0,1.0,1.0,14.758048651498612,20.565425103496096,-16.124886050599983,121.63000000000005,0.27586206896551729,0.22325198461860946,0.014356773124326139,0.068314836681766758,0.029039052543292355,0.0039460107219159721,0.0087006068621147143,0.036043223882272504,0.049330226464565252,0.0067817267793664057,0.016509629911816093,0.0096362616350400363,0.0046573123180683506,0.018221923349834687,0.0085744420575375093,0.026218600900048562,0.0026937020579237149,0.0084628237134263783,0.0015824284239817315,0.0091524600498678367,0.0059109040985671005,0.0091343777728948323,0.026680314550704187,0.0063539733905071541,0.010591340463273195,0.0054557747955836667,0.012619906561010813,0.0017549471089037597,0.0056461033811756314,0.013472743864002037,0.0030234409044741853,6.4117648899555206,6.4117648899555206,0.078431375324726105,0.0039215683937072754,0.079429576196373197,0.10196078568696976,0.10196078568696976,0.08436532749941475,0.08436532749941475,0.08235294371843338,0.070588238537311554,0.070588238537311554,0.0068956430135409096,0.0068956430135409096,0.090196080505847931,98.752905192710102,28.342507641738351,0.0,98.684210526315795,28.30263157894737,105.0,32.0,0.0,2,2,2,0.086776859504132234,0.078125,0.0859375,0.082840236686390539,5.2727272727272734,9.125,5.25,7.6923076923076925,-0.38695652173910844,0.21452589105581704,-0.17482517482517482,-0.22180451127823861,2.1867043459100248,1.4056390622295665,1.9056390622295665,2.4116022179746714,0.0075049031277987519,0.013674554183813446,0.0090449245541838127,0.0062986501732940495,3.6635327548042547,3.75,3.625,3.8542858719872459,-0.49288939852532204,-0.69565217391304346,-0.50825287957487153,-0.49761705816294849,0.95338469241812718,0.99079985926082259,0.95677975548553063,0.9602965626769987,0.41069518716577535,0.13455882352941179,0.45735294117647057,0.30274973894883395,42.18181818181818,43.875,42.25,42.15384615384616,2.0048861640918432,2.5,2.5,2.1339375660949171,2.3305785123966416,14.109375,3.6875,4.8994082840231385,1.9008264462809734,5.80859375,2.234375,3.1479289940827471
2,3,375,156.0,24.0,1.0,2.7940414101550712,0.71872396188413123,0.0,0.29024767801857587,0.080959997256120866,42.412484544219325,37.215588131856791,5.0,1.8503660904810153,1.4142135623730951,29.963310898497181,29.48921069334839,-7.7543968165516146,241.25999999999954,0.42205965109735505,0.34189520019523634,0.059727713880024097,0.0056648505056642925,0.048442803099457338,0.019572549327192289,0.028636016428605252,0.073911087374461629,0.030120820315326546,0.034192696766773473,0.021258463126305378,0.032716591195726466,0.0089398295565973722,0.0048616751926903118,0.016811590944732255,0.013092569992651673,0.02392733772469114,0.0044308115875657979,0.022396167393889863,0.0025852248489561676,0.0036103360910962608,0.011199504532792323,0.0078179961774208478,0.0045416434538581678,0.013598983325273843,0.008387686525147528,0.0034326731653829047,0.0078814591797358967,0.010894753594937802,0.0080731191919964796,0.0078717740960182955,12.901961182244122,19.701961407437921,0.019607843831181526,0.015686275437474251,2.4132060066042667,0.18431372940540314,0.18431372940540314,0.077722657724362182,0.052538563753167788,0.031372550874948502,0.0078431377187371254,0.0078431377187371254,0.048994163072429556,0.042304402169066967,0.08235294371843338,168.46098726002592,25.619227716171682,0.0,167.26133333333334,23.525333333333332,179.0,35.0,0.0,3,3,3,0.012760323958704167,0.018245919278404799,0.014917695473251027,0.01126842447248726,72.330188679245296,47.741626794258373,48.726851851851848,148.57309941520469,0.48382634454427331,0.61785050921453277,0.53839364277040624,0.27083994895037417,3.9849953492152723,3.240740197819326,3.6870642154477182,4.4573347889884358,0.0014933707626280605,0.0030834245088762237,0.0018682841792409691,0.00080923225664876952,6.9455542638952075,6.7430251847158509,6.8815529189533446,6.962349918700232,-0.3548459136140294,-0.42995245703894691,-0.37338958708293535,-0.3926084963558566,0.97469131045655089,0.98747434158863412,0.97854272204123005,0.98319102236474165,0.22194612641929831,0.41298069785559754,0.28965369373622085,0.12075122261871421,20.09433962264151,21.148325358851672,19.291666666666664,22.327485380116958,5.0720694263079018,5.1669755201021772,5.063175288990724,5.2444235326894146,207.92506229975078,202.11675556878299,162.3917824074075,258.94538490475708,70.063812744749001,62.464595590760297,52.77965856481481,101.87962107999041
2,4,312,56.0,48.0,1.0,2.9424914172014427,0.61213462782715766,0.0,0.30588235294117649,0.12709760957758104,37.936056935524071,33.060550509633082,3.6055512754639891,1.5553377929842935,1.4142135623730951,24.748737341529164,29.998072188361387,33.527186774522995,175.63599999999977,0.48409619860356867,0.35658514070356384,0.023124022155704971,0.020560478016047389,0.044654907392178422,0.031842626518358542,0.02604387497620193,0.1002936092625086,0.025085436601381829,0.022426757202507568,0.020521954662595102,0.021215562122493668,0.020773092239179839,0.01001178308797401,0.024215029842868829,0.0096362105462086799,0.022447140007168433,0.020180831931931448,0.0057376287098293254,0.0044670526638869723,0.0069726376244745175,0.027594983871420089,0.015370013321292177,0.0074929011287450491,0.009978099577591909,0.0058997520825123254,0.016016166569636815,0.013864055505582389,0.0049285074110345687,0.0045352119827260142,0.012523401612190182,8.7176472935825586,16.862745570018888,0.027450980618596077,0.023529412224888802,0.62353437173379445,0.15294118225574493,0.15294118225574493,0.063171357199873615,0.054047261442368232,0.047058824449777603,0.011764706112444401,0.011764706112444401,0.041153284347140273,0.033078895154047383,0.074509806931018829,52.21697674909457,35.788604659130932,0.0,52.419871794871796,36.378205128205131,59.0,43.0,0.0,4,4,4,0.0063316515753951003,0.0069097222222222225,0.0083110389895180055,0.0061779813966402891,103.65895953757224,145.15833333333333,127.58278145695363,110.0204081632653,0.15305548461457277,0.022774942724283716,0.043056479607486875,0.23339502358164763,4.2828496323467924,4.44208899511223,4.2995622478752775,4.2749597107686146,0.0009796309599385206,0.00078124999999999993,0.0010821619665804133,0.0010051078254431026,7.6829571292707834,7.3693091372391279,7.285997206026237,7.5884582534624583,-0.33594948064338798,-0.42491617612162463,-0.39923004077522445,-0.33950028172923719,0.9772658481390768,0.99057618783881218,0.98670965100399866,0.97728539239274137,0.18793431683390202,0.057170128680010965,0.18547222099531363,0.13561114385240081,27.092485549132945,28.775000000000002,26.12582781456954,26.700680272108844,5.2735945232524646,5.1867497917564123,5.1665153798494066,5.275595604361377,141.12439440008018,151.92437499999994,139.06363755975599,177.01244851682156,61.195838484413116,74.270677083333339,66.661604754177404,71.758214170021745
2,5,453,0.0,46.0,1.0,2.3187962360292915,0.40911163119464405,0.0,0.40446428571428572,0.17340770053710899,38.208023780363163,36.674241641784498,6.0,2.0201714501841908,2.0,28.780965047138118,34.864223413767633,-76.01367557760841,181.18399999999988,0.5606435643564357,0.42532236909651711,0.011786223282169071,0.0053400177457102339,0.019620759066960876,0.018109807583629973,0.024665872469389581,0.13743832299648406,0.014531926818445248,0.045820588886730795,0.008388459843855358,0.010404500001559409,0.0091003614077379801,0.028157839360520524,0.0041259195038535774,0.022773832357266668,0.0079543491641927509,0.0047537342613543886,0.011247086342776672,0.0094320751489543157,0.0096392176678277413,0.039164192948442075,0.005807536961916277,0.016315317716561032,0.0020358216465673987,0.010028694544252256,0.0071050522246932993,0.0019880554163164694,0.0066628344992267991,0.0010640836270511802,0.0042525497099121989,8.415686534717679,20.203922189772129,0.023529412224888802,0.011764707043766975,0.79189100247603283,0.15294118225574493,0.15294118225574493,0.058442267602206104,0.044600269734596312,0.031372550874948502,0.011764706112444401,0.011764706112444401,0.044617885429023514,0.032245543853900466,0.054901961237192154,14.520768642035588,39.674883525955103,0.0,14.245033112582782,40.41721854304636,23.0,35.0,0.0,5,5,5,0.012233333333333336,0.0093640822359580753,0.0086057341124908711,0.0059174346016646843,87.439999999999998,99.881147540983605,108.13513513513513,136.01724137931035,0.28453902060686909,0.33034183397308059,0.096311828793892745,-0.026183764047841392,3.9622919965548902,4.06630021088358,4.264104409354541,4.4085877444130492,0.0017950000000000002,0.0015333579682880953,0.0011138376552227909,0.00098394768133174817,7.2133983405401194,7.4338427461370138,7.4628428213999207,7.7268889309698023,-0.27588994434761255,-0.25483783746807143,-0.25121063267522803,-0.22958366963731847,0.94899710989761565,0.9412455337102803,0.93958535244550745,0.93016479888938053,0.28847202532950433,0.25267997677782855,0.16467347324363493,0.14169033959944233,21.513333333333335,22.848360655737707,21.864864864864867,23.310344827586206,5.1755223733193745,5.1909859569440746,5.0786179320590712,5.1781305991928113,156.98982222222207,198.42372682074699,131.18444119795464,129.07609988109402,61.107455555555532,74.576218590432688,59.829894083272436,66.273335315101093
2,6,315,196.0,43.0,1.0,2.4506969171259536,0.62157373020378526,0.0,0.36206896551724138,0.12817078926383521,34.920990630301468,29.427877939124322,5.0990195135927845,1.845966644734824,1.4142135623730951,22.435794277557122,27.355555838393226,-36.446032548702931,175.73799999999977,0.51766639276910431,0.44000437405651188,0.088895802494086767,0.070379914763262857,0.044837573429654574,0.015677701731514799,0.013696194900715275,0.10072027697645197,0.010739364665461409,0.030136298098163462,0.02301969466344965,0.022557262799101103,0.025887595098519466,0.016749579656556962,0.02719890339578903,0.008242773274134408,0.0058973545244908809,0.0094446918288762696,0.0059001318865609127,0.0097349925205628095,0.0058540233480156006,0.018807857087673584,0.0040359513103262997,0.0056363411614426167,0.0065799791783610721,0.0033371418873483637,0.0052105235014744773,0.016252003883701117,0.004026884368891679,0.008110153186696379,0.0062567162818730031,9.7843140047043562,17.462745606899261,0.027450980618596077,0.011764707043766975,2.5417039555222734,0.19215686619281769,0.19215686619281769,0.076439953161752783,0.055437287640950038,0.035294119268655777,0.015686275437474251,0.015686275437474251,0.049383445744639404,0.039202694507872421,0.079411767423152924,184.18706486640019,42.088704235711013,0.0,186.55238095238096,43.019047619047619,181.0,36.0,0.0,6,6,6,0.012256973795435335,0.0095562034337544517,0.015063799621928168,0.011937047994740303,93.978021978021971,141.14285714285711,99.02717391304347,127.55769230769231,0.28237435612759998,0.065780993851831657,0.22792150631421035,0.36036584857006987,4.0840922996557047,4.4317795114852103,4.189692710595704,4.2090076824074085,0.0011795193817171832,0.00072082928409458995,0.0010910207939508509,0.0012584483892176188,6.9960120979295812,7.2205420088370644,7.141388825817085,7.1035810823108676,-0.31417777768317062,-0.29711660556123781,-0.28388030242924384,-0.32694800616624597,0.96243971552851648,0.95891238934070422,0.95175109928199841,0.96836748452978294,0.23284559123871373,0.1735582879193478,0.21398763314613534,0.22005805255096358,24.76923076923077,27.088435374149661,24.97282608695652,27.48076923076923,5.0035972916611451,5.0847071664455363,4.859091087928654,5.1233745712654803,167.93575655114114,161.01939006895259,157.49382679584119,271.28809171597641,65.478444632290859,75.540561802952453,64.130250177221114,99.711446005917196
2,7,177,151.0,35.0,1.0,3.737899671958071,0.95353164934276857,0.0,0.26818181818181819,0.12488029210949533,39.315930634460713,33.286633954186478,5.0,1.6597550716576717,1.0,13.187798633088285,11.845609589897391,35.718249782808783,133.45800000000003,0.53636363636363638,0.2033965698719529,0.040565638724076342,0.032578132599164707,0.072631090049126198,0.0089537434078824849,0.017368994671602696,0.012651846947125353,0.040694404597797808,0.032751645043606704,0.0067978450857105032,0.012318747009422518,0.0043951104446323828,0.00056681396327000705,0.0046944848192963075,0.024568257358415255,0.015600792941666613,0.0078061262752631986,0.0042900835489529214,0.0062170420453801657,0.0010569486181067416,0.0036272178111368316,0.0050075752669882191,0.0084223265346719967,0.0093255057561488133,0.008582128030178271,0.0037629603934237663,0.011206081659667855,0.0027064480304154525,0.0061468238511982057,0.0026479968967723262,7.7411767076700926,10.098039533011615,0.015686275437474251,0.019607844762504101,4.202163353439766,0.17647059261798859,0.17647059261798859,0.081486070607053609,0.057051070807975231,0.031372550874948502,0.0078431377187371254,0.0078431377187371254,0.056849376272124656,0.051188609125029545,0.094117648899555206,160.12660193787804,43.128932035583368,0.0,157.41242937853107,39.920903954802263,162.0,47.0,0.0,7,7,7,0.021216325586773041,0.014500881269027398,0.022352941176470589,0.076111111111111129,45.838709677419359,114.94936708860759,35.823529411764703,40.933333333333337,0.80082826833040421,0.36631044030179344,0.74528470394421176,0.71394850451905445,3.3655149695881907,4.1435642071753556,3.1202276892580958,2.2851744471284108,0.0026064291445343406,0.0010635352715093098,0.0033877983529673398,0.007003255618567533,6.1789521468189479,6.5363226407962092,6.0449908964687182,4.5644683048754464,-0.56190892866787912,-0.52148869809272536,-0.53043195260911169,-0.76180090810284762,0.99599325752364032,0.99501604302084812,0.99361470329294155,0.99817979642081844,0.21246430063577434,0.059214689915853755,0.31624249676472271,0.65352597870870355,21.731182795698924,22.518987341772153,18.694117647058825,16.266666666666666,4.8669139746828858,4.9822158368618119,4.7081768907852988,4.0978016382087796,414.45461903110191,247.844576189713,245.45937716262966,245.26222222222219,115.07333217713027,90.698485819580171,70.320726643598604,71.548888888888882
2,8,426,109.0,43.0,1.0,2.4421369197762068,0.48103020168137195,0.0,0.33971291866028708,0.14703688865191317,38.706977035351713,37.336309405188942,4.1231056256176606,1.8216125056560142,1.4142135623730951,28.882352941176471,33.934562509918095,-13.67243680805232,190.80799999999974,0.53051058530510597,0.38772168517202554,0.042822736127555418,0.011140575373213569,0.020089734076986547,0.036566636712334774,0.010364507615035622,0.10097551355590173,0.014388075834480814,0.046558125751345394,0.045776036149527057,0.018022627650712018,0.010951385787665881,0.024828237327747374,0.006481155437033986,0.02125687556981927,0.011749084897205789,0.0098238415264431788,0.015758739053891364,0.0049264433167525903,0.0033355482071099583,0.01790402524610131,0.011102203424180912,0.0053562608336961874,0.01029174040825879,0.0099831969082577587,0.023140547657484047,0.0080216686256815283,0.012946935999803436,0.0042430367992190065,0.00094173236975760737,8.4235296351835132,17.858824047259986,0.015686275437474251,0.011764707043766975,1.1458378351877048,0.16862745583057404,0.16862745583057404,0.055055749249565446,0.041922122176666632,0.027450980618596077,0.0078431377187371254,0.0078431377187371254,0.045297649486408777,0.033435304986621402,0.054901961237192154,123.23781290958554,44.749451024585852,0.0,123.61267605633803,43.666666666666664,131.0,51.0,0.0,8,8,8,0.010472433549356626,0.0077475434618291747,0.010199020398040794,0.0087653359821740183,85.304029304029314,93.519841269841265,90.248031496062978,163.65284974093265,0.28002973365413419,0.28020537636122356,0.29023463449340431,-0.020506626825663715,4.0136537970341717,4.1606530274372746,4.0942311628330526,4.4961229261123261,0.0015543550133959709,0.0011970352879443775,0.0014294295117515852,0.00076660497181243287,7.4285365581784646,7.5544254553407395,7.5209212238651357,7.33168946627225,-0.26262385014506207,-0.26467920835089187,-0.29457441099655968,-0.31584886659635475,0.94559956195180117,0.94878266365873742,0.96207508489518745,0.96750813275056058,0.27074823484863819,0.16758244636374839,0.27909360504902497,0.11125147687018741,19.824175824175825,20.924603174603174,21.137795275590552,21.383419689119169,5.1492776809972653,5.1998523269573003,5.2217999759054443,5.1784298571232554,151.66139355150335,166.33161690602174,164.05581561163109,157.07578726945701,59.241355713883195,64.962864543965736,63.575961776923506,80.182159252597373
2,9,329,34.0,38.0,1.0,2.9132214261832794,0.46248859313359847,0.0,0.3323232323232323,0.086762113379781458,36.973836512280769,32.249030993194197,4.0,1.5040900146985081,1.0,28.332084398600585,32.781936358997235,23.534638895919095,218.29199999999977,0.47577729573391186,0.34835410413128365,0.022789400133785467,0.0081487859175930696,0.020596972851549322,0.0092729100812010152,0.051070676951189831,0.10074704446303581,0.0042367675183884561,0.01820133569424337,0.0098319484630377124,0.0076138207979273677,0.0084588704419629335,0.02350637657742571,0.014126977321489332,0.018114778674660086,0.011654065091037259,0.010288069405759012,0.029004658883953278,0.014815114328949049,0.010757361469471182,0.026340780043031128,0.0017405474408267244,0.0069565314518187753,0.0057453680788768649,0.011668460782029436,0.0046894790304865593,0.0031911319910705466,0.00289134155995325,0.0028207874527944412,0.0082552479532560369,9.090196305885911,15.768627910874784,0.019607843831181526,0.019607841968536377,0.82371872391990031,0.16470588743686676,0.16470588743686676,0.055092098823550976,0.047928960215424872,0.035294119268655777,0.011764706112444401,0.011764706112444401,0.042803889737221767,0.035009416213680755,0.070588238537311554,37.537925898207199,49.790599366136021,0.0,37.680851063829785,50.601823708206688,46.0,56.0,0.0,9,9,9,0.010886921178690667,0.0062551440329218118,0.010224913494809688,0.012522317000595119,113.28915662650604,179.71111111111111,103.37058823529412,129.97887323943661,0.18963600805536771,-0.13696967424771314,0.25426712469566043,0.16150429206552908,4.218141350095582,4.616502635875797,4.2111065158350431,4.2989154033822032,0.0012635266119375304,0.00055528476817261554,0.0011345513613456072,0.0010692204936288249,7.2132096255909914,7.5054158526995893,7.1818154037315125,7.1886226845030565,-0.33460260296657601,-0.35869689597008686,-0.34438813610067409,-0.34441322875999936,0.97205604851525762,0.98101557514714999,0.9744755658416957,0.97455547760597205,0.21666052341934161,0.091310976091885682,0.23540540200175988,0.23617672715720456,23.313253012048193,27.533333333333331,23.488235294117644,24.79577464788732,5.1188053405610772,5.2245811398466122,5.1219206945581188,5.1986650098022498,166.31151110465953,136.41185185185191,173.86162629757791,180.04984130132937,69.900166932791393,79.030740740740868,69.308053633217952,77.507178635191423
2,10,373,98.0,74.0,1.0,2.9681530967596723,0.82554725603974033,0.0,0.31083333333333335,0.11692169575510197,46.238632265056147,41.785164831552358,5.0,1.7827742353282099,1.4142135623730951,25.305391359518765,26.09398578166477,-68.769008028451026,200.2219999999997,0.51201098146877133,0.27103883447272109,0.036616162271325546,0.043098856819896093,0.056376293976269358,0.017991335919072995,0.019065035511580539,0.031192486723741385,0.04946982069717891,0.0082525174217655609,0.036925292097333119,0.0068126893781900169,0.010495313634246925,0.0054054392466430555,0.036494589301719373,0.01359645546745791,0.013483340622423946,0.0080616940314696735,0.012952915042708959,0.010028923906686615,0.0013000706150472835,0.0029251329657708114,0.00090588059797360441,0.018461745221062708,0.0048480068034146562,0.011584231759690467,0.0055741472782010887,0.0064620593684613873,0.0027994007242852399,0.0057783176161741159,0.0036980236356904017,10.027451244182885,23.87451043445617,0.023529412224888802,0.027450980618596077,2.0684164334116324,0.29411765933036804,0.29411765933036804,0.067753048947181649,0.064006730387281954,0.043137256056070328,0.011764706112444401,0.011764706112444401,0.056072060367785476,0.055056217860416957,0.086274512112140656,100.77053218913579,64.895696429528144,0.0,101.28686327077747,62.892761394101875,94.0,71.0,0.0,10,10,10,0.0065573409156031654,0.0043518518518518515,0.0051120057397959183,0.0054000000000000003,175.42253521126761,342.77777777777777,221.67410714285711,236.80000000000001,0.54560603831790311,0.24423931523427334,0.55615648657032302,0.42279801586817939,4.4281295161394851,4.9632060581533004,4.7434358743602729,4.6277309730362592,0.00078364413960036784,0.00036536883143531326,0.00044049930394595511,0.00054068559556786722,7.7583187309807444,8.0355255102884655,8.0034501789461512,7.8718380498051843,-0.43541977757768013,-0.42974919284526408,-0.42548659504583053,-0.4153943043776247,0.99331608300613972,0.99383220558337926,0.99336521026128022,0.9919024581979663,0.23458390784191641,0.059587811210256331,0.10896024828628961,0.18123621247111468,32.417840375586856,35.93333333333333,35.09375,32.700000000000003,5.7989206097750703,5.8100210888800783,5.8963914495752912,5.6967584287864916,596.69395402146847,564.3288888888892,777.2099609375,583.70999999999981,193.02912230818396,226.77666666666676,249.72101702008922,205.1275
2,11,225,146.0,43.0,1.0,5.2171549552222718,0.82697148520234043,0.0,0.19463667820069205,0.069688533469488473,47.651055364355805,37.735924528226413,4.4721359549995796,1.5248618782484578,1.0,26.134979378268618,26.791513494131159,40.245637253767306,201.42599999999976,0.31163434903047094,0.19862173284104478,0.019005471045885732,0.0108972306643263,0.053886773097586126,0.031551828166192036,0.039050083215422748,0.023000166459575578,0.015399502310995981,0.0064453244580983896,0.012111010144184611,0.032703637296514855,0.024745716537698904,0.00061678209780048577,0.011259272724740126,0.012004044026522229,0.012030440299184847,0.0087100411535839268,0.0078287904252959412,0.011537034606914083,0.0085604983051162011,0.0076886553040255955,0.0074687298572283798,0.010720597988464819,0.0089777378510968696,0.0091041157830541869,0.0064812022624221189,0.0098195077196733503,0.0050551630790168969,0.0061650447630451034,0.0041534196672898382,11.274510128423572,14.956863190978765,0.027450980618596077,0.031372550874948502,2.1927447362890495,0.18039216101169586,0.18039216101169586,0.082295694368055269,0.06647494751546118,0.062745101749897003,0.0078431377187371254,0.0078431377187371254,0.046637072797215941,0.044136157867768672,0.090196080505847931,156.73256424729794,52.972469854126345,0.0,155.06666666666666,51.546666666666667,160.0,49.0,0.0,11,11,11,0.011157359232281189,0.011384719176926971,0.011798469387755101,0.018671420529179958,89.881720430107521,140.41558441558442,15.142857142857141,51.164383561643831,0.58290403761974463,0.31220919473378084,0.90143750804265654,0.50869830412575934,4.060669292701764,4.2406401969501637,2.927998931535722,3.6993250743207793,0.0010454503986545122,0.00079971529707850415,0.0031058442503302851,0.0014677498124537182,6.7970131120902471,6.6710163721114313,6.8538371763480388,6.3134660869480026,-0.5121613035642355,-0.52485852373536579,-0.52027459572692092,-0.52830592785330255,0.99534732723855235,0.99565224216111181,0.99595701122083813,0.99461016564532789,0.14932838424346689,0.049615816789387077,0.32804843762594948,0.26154245563138795,25.967741935483872,26.051948051948052,28.607142857142854,23.082191780821915,5.0540713494042171,5.0505691317112058,5.4225535823855573,4.6971137792810032,341.10648629899413,267.89340529600281,292.13137755102059,157.11653218239837,107.74705168227538,102.07724742789676,76.818558673469369,52.070228936010551
2,12,824,64.0,75.0,1.0,2.5653632957541417,0.43042099259299499,0.0,0.32288401253918497,0.091048829729351355,54.42639350656308,57.314919523628397,5.8309518948453007,2.1407546734607403,2.0,42.03807797699605,49.126800669458689,68.636940822984144,337.23399999999901,0.46778313936985522,0.31896900443196291,0.036565849466506602,0.04984615923563572,0.016315280907903528,0.033359928428189488,0.011525867830033175,0.063748847169214515,0.0035052546192627446,0.011023838050567556,0.052038101924829688,0.0078402107113881847,0.020625278126156291,0.03549268788823879,0.0023062139763786373,0.010955480790333746,0.019233229113452315,0.012037669526472167,0.0053989723720379449,0.024694545517184061,0.0060286344773041421,0.0057978130246665108,0.0025541547645117394,0.0020335498107765877,0.016929364126575211,0.0099716870989013766,0.02450372978509139,0.0037491993721425437,0.013854070181795139,0.0022491010263154792,0.0029030147148106943,13.407843437977135,32.207844026386738,0.015686275437474251,0.011764706112444401,2.8528805945260252,0.24313725531101227,0.24313725531101227,0.051767735281765002,0.039087189352411088,0.023529412224888802,0.0039215688593685627,0.0039215688593685627,0.048064778004032825,0.034445266788413996,0.050980392843484879,73.853768399372541,63.196639496152429,0.0,71.518203883495147,64.834951456310677,93.0,71.0,0.0,12,12,12,0.0097458964646464658,0.0098308946617893245,0.011070698338399939,0.0072785257770404954,87.757575757575751,101.03937007874016,55.300168634064079,97.391304347826079,0.30101582292079043,0.2714838257018849,0.49751653583146899,0.27034284090197469,4.0606404481643077,3.8788862612442778,3.6681748845921263,4.0509094829805452,0.0011344538197893179,0.0014981976927924629,0.0016916792001904625,0.0012049908530239804,7.5181646729122091,7.4799648574340285,7.4091105099580599,7.7741111960798612,-0.25845099502929431,-0.23909580287748616,-0.23892319540167523,-0.19250779882177854,0.94478876823312741,0.93211051775384657,0.93062395643776563,0.89949615969085217,0.27408609375273207,0.28740974024046062,0.32253577345010254,0.24071507707966161,19.242424242424242,19.098425196850393,17.806070826306915,19.279503105590059,5.2411637636829305,5.2137077417370392,5.1048051853382628,5.2005758759364875,163.3427456382002,176.34464318928639,164.80724813663619,169.55955917338588,62.775080348944016,69.346003317006705,55.026854192675145,66.737715880302957
2,13,295,140.0,49.0,1.0,3.4033113265289239,0.86487610692242067,0.0,0.29499999999999998,0.11262448780808146,45.189863040678041,39.204591567825318,3.6055512754639891,1.6102552950066062,1.4142135623730951,21.259184866228306,22.684650477943592,-89.724535307581533,181.42599999999976,0.46021840873634945,0.24437583975073063,0.0031909085351937197,0.041048285414587951,0.060838374407795423,0.023752378294478321,0.012948806939623183,0.035143156740840911,0.025533520333185667,0.026710494912680242,0.037341662218695018,0.0055021896364693861,0.0070304211220197374,0.011357479015877425,0.019008743940747405,0.013584848499117149,0.015300869722008241,0.02067868922601044,0.021338470159983036,0.0039394435207812523,0.0050465597930111714,0.0016923373070404015,0.021249855962688299,0.0019310779094393073,0.0082872795183451912,0.0090780235771496555,0.0036430957013769737,0.018595241727238313,0.0066502032075004738,0.0033173908124450265,0.0031631037968723992,8.8666669074445963,15.541176919825375,0.023529412224888802,0.023529412224888802,1.5372043768662464,0.13333334028720856,0.13333334028720856,0.065679014129219226,0.052681955660425002,0.043137256056070328,0.011764706112444401,0.011764706112444401,0.039963013869506285,0.033424473894532521,0.08235294371843338,139.65556397266846,64.137017413187124,0.0,138.20677966101695,64.650847457627123,134.0,58.0,0.0,13,13,13,0.0094723269192620516,0.0096076323568933079,0.0064454775993237536,0.0078740157480314942,87.535211267605632,112.8360655737705,73.346153846153854,163.40157480314957,0.25988884872810036,0.087882915469122594,0.51388187607191049,-0.21693838990360528,3.9077482181273786,4.3806825234729505,4.0630560105770215,4.4850184946090632,0.0018418762069398267,0.00068864525116684664,0.0012520917073507345,0.00069824792710809877,7.0942008416929072,7.0246280142515385,7.6189586183827167,7.2647815610276973,-0.42991579841490335,-0.39087854815308481,-0.3458789260097152,-0.40303238515786227,0.98967303019076125,0.98338701467502909,0.97911910593074281,0.98713922690414979,0.27295935623808104,0.11363809157073379,0.21543353531003825,0.051243502920313322,24.943661971830984,23.83606557377049,26.269230769230774,25.212598425196848,5.1767324624089603,5.0874835775930425,5.3783217659245732,5.0793789542641061,149.01091053362427,134.57968288094605,228.41652578191031,105.14377828755664,59.136530450307475,61.853937113679137,75.440669907016058,67.136338272676568
2,14,409,130.0,83.0,1.0,2.5900988483852969,0.39822008200909442,0.0,0.31779331779331782,0.14163202034171166,38.27806489601133,38.327535793473601,5.0,1.8819882382566591,1.4142135623730951,29.210612373927994,35.112082438388484,31.071236731232045,190.49599999999978,0.52068746021642254,0.32522983086137652,0.068357356512434325,0.02232761342724307,0.016239131466043583,0.025155324866891024,0.048555631125821688,0.068437060912399955,0.030777859786037448,0.027417182572558176,0.041440938383203722,0.0225303208431256,0.013194737322916294,0.022365342860231199,0.018554757341062628,0.0088134636935215654,0.0077692358115770818,0.012766673135468205,0.010341464511615855,0.0061201887676710798,0.010038202743265823,0.0040074113475395802,0.011415325735306285,0.010562452205122308,0.0041602948403612521,0.0058705067260408604,0.0096730637523487397,0.0069897763092832965,0.009426856633329421,0.0086896044294826631,0.0074013375117108777,8.4745100075379014,17.243137741461396,0.019607843831181526,0.011764707043766975,2.3320020800159194,0.15294118225574493,0.15294118225574493,0.054323782099601932,0.042159260981568206,0.027450980618596077,0.0078431377187371254,0.0078431377187371254,0.040893723338107563,0.032011191935070522,0.062745101749897003,119.76279282574211,75.45076189012687,0.0,121.78973105134475,76.603911980440103,124.0,68.0,0.0,14,14,14,0.011337040294569251,0.0072640207775342917,0.011294533677044088,0.013835381091211992,71.324324324324323,93.247747747747752,67.463414634146346,106.1377551020408,0.35409269664115861,0.30459318722183187,0.37417975039640511,0.20164793008691259,3.8542471414547075,4.1539849516756693,3.8292853314428994,4.2660251915122727,0.0019312379809484051,0.0012934725265806354,0.0020395845726749961,0.0010956372344856312,7.2106895107614237,7.6170674437128874,7.1806425506952589,7.1552770333600932,-0.29812494039843307,-0.27522650226660761,-0.3090985306291667,-0.3354982302106671,0.9591883075357226,0.95501138135291108,0.96310898093561925,0.97165542317618503,0.23365263195439268,0.18605663209562351,0.26823754642916281,0.23677600369035368,19.617760617760617,21.085585585585584,18.959349593495936,20.923469387755098,5.1350751580496974,5.2588367550334247,5.1306100080563342,5.2022847798417997,149.52570772647988,174.93411654898142,148.13655892656493,159.75434714702203,55.212508012701022,67.045466074182258,53.899993390177769,66.473025562265718
2,15,246,143.0,87.0,1.0,2.9651748069006807,0.75840098563780922,0.0,0.28114285714285714,0.09713695474560094,36.12604011433023,34.713109915419565,5.6568542494923806,1.9362297934132666,1.4142135623730951,21.86432666440485,23.546529079268776,-20.378679602955579,178.39399999999978,0.39297124600638977,0.25858624951474485,0.048564212389988974,0.042072992859809102,0.049256047213351049,0.078345563156409961,0.013676563742650081,0.019037945095692232,0.0033123909309436682,0.01601974790783375,0.016190353746495571,0.031356357848688503,0.0084954789792764506,0.038198688019869705,0.0095101614461273951,0.0052592984704261086,0.0066360733104103807,0.0052504081089642923,0.0080972889379216598,0.002944937321613556,0.0093413247100282981,0.0033447187118205825,0.0026694374877869295,0.0044133324161064642,0.0044216235294460005,0.0075212925468762402,0.010290422314416434,0.016714590719959795,0.0067709402227454389,0.0066430209305459358,0.0072039499244693347,8.9686277257278562,12.541176853701472,0.011764706112444401,0.027450981549918652,5.3688016572862134,0.18039216101169586,0.18039216101169586,0.076005319709558108,0.050980393714233629,0.039215687662363052,0.0078431377187371254,0.0078431377187371254,0.047041982082134337,0.043622906931712432,0.078431375324726105,154.01688554749296,84.752970592437364,0.0,148.6910569105691,85.430894308943095,155.0,94.0,0.0,15,15,15,0.023529739362887055,0.040997728874618222,0.032736000000000001,0.01319853155410524,86.746268656716424,45.238938053097343,37.920000000000002,110.6030534351145,0.40891610687063457,0.6872917194473136,0.72779621055571841,0.48443359742387737,3.9334119427065324,3.3925606973417435,3.1404179391992684,4.128247621399205,0.0015853853708693477,0.0026049110777534201,0.003402285196921687,0.0011404785224606664,6.1536141946777256,5.8096536827867755,5.9908265086866193,6.7829011221644109,-0.46311375859625659,-0.51656454697237042,-0.52145923745202905,-0.43524899352960383,0.98766765383278077,0.99121615976614197,0.99266592082236826,0.9884468691535645,0.26114406365437509,0.40063951428045985,0.38455145738633234,0.16641142148886368,17.447761194029852,17.13274336283186,17.904,21.610687022900763,4.8098803530492376,4.7227839350807246,4.6680616566565023,5.1227239668370732,206.76965916685231,244.09742344741164,240.6947839999998,318.45148884097665,73.378981955892201,72.334090375127232,69.653695999999997,107.26363556902277
2,16,537,57.0,87.0,1.0,3.0982082095692145,0.80849615693819388,0.0,0.35375494071146246,0.10055807627107945,56.068382047447315,51.61395160225576,5.8309518948453007,2.0329256156967737,2.0,32.0,32.996324494403012,32.61026391889817,259.04999999999967,0.45838668373879643,0.25665526858963306,0.0062876104482268548,0.052262252728450802,0.049743074700815133,0.047894480769944403,0.010197943497621497,0.03157176449951804,0.021000550740082356,0.026622332193363567,0.038634282303786273,0.010796605304851079,0.0079431358989723103,0.031768472078636097,0.015434211559889114,0.018948462988320345,0.014628560155289081,0.0071998651747062405,0.0091851972670932581,0.0035900993999837851,0.0063184597078776803,0.020155719214866686,0.013442496868152989,0.0058615419033402495,0.010163028711039704,0.008041647623543046,0.010478805197185389,0.0077447513937400538,0.0065566129247857383,0.002995010561549355,0.0044807280434963513,11.290196368936449,21.231373157352209,0.015686275437474251,0.011764706112444401,4.2563532383557074,0.14901961386203766,0.14901961386203766,0.057021193782507321,0.039537007741810445,0.023529412224888802,0.0039215688593685627,0.0039215688593685627,0.046523643680474819,0.035877330214496274,0.054901961237192154,40.386405628826111,78.529183618510785,0.0,44.642458100558656,78.478584729981378,26.0,88.0,0.0,16,16,16,0.014765608360690654,0.017544642857142856,0.024639242066063653,0.0130104549453962,72.162601626016269,133.3857142857143,88.235649546827801,102.60791366906474,0.38943994344864119,0.15268264280590024,0.3424563296560027,0.24854978907853617,3.7334309759356601,4.2411576875728931,3.8630438508105036,4.0006619953144504,0.0025421813632941527,0.0014441861557246169,0.0022986243209188895,0.0018720028872393972,7.1122803556202427,6.9761571841059782,6.7187913620814346,7.2134797510640833,-0.28734508511693924,-0.26438969219941116,-0.35941761671377143,-0.29874044922718812,0.95291908172798667,0.93841012035809512,0.97331384289292278,0.95948361806033933,0.31656434298744185,0.28825466490189705,0.36341522962703343,0.29846107821734014,17.181571815718158,17.621428571428574,17.353474320241688,18.744604316546763,5.1142474556453204,5.0283041122046406,5.0343080338976058,5.181184165502815,164.21906419606199,181.45668367346934,180.14393808015637,170.48513275710366,59.095416455519583,78.710599489795939,67.094896906745973,68.273261606542093
2,17,329,183.0,61.0,1.0,5.4520078515149102,0.84332474807105118,0.0,0.20024345709068778,0.052545295370726421,59.496818381526417,54.120236510939236,3.6055512754639891,1.4806072115001756,1.0,28.112374076341869,31.973845349934205,83.649983168560752,280.50199999999944,0.27291580257154707,0.1430166644649602,0.024286126286182888,0.023254357281416227,0.033487784213354035,0.024060529669460085,0.012295706158219314,0.00089624922567827609,0.010167543396851927,0.013211696173668819,0.021423220481359705,0.017763548277180179,0.0029995104335014166,0.016132802404434932,0.0049842468972124661,0.0051656582832844524,0.009939862197779311,0.014770990955892547,0.017944366592344965,0.0085598867007717749,0.001175395380773538,0.012382611803806346,0.0086207747777875075,0.0075677374934948471,0.0027881818014746824,0.0054623430000087419,0.011731668721327141,0.0094770357947403377,0.0076406066836493796,0.0057449673058703465,0.0013456339895469675,16.050980785861611,22.505882926285267,0.031372550874948502,0.031372550874948502,5.1134810000873978,0.17647059261798859,0.17647059261798859,0.082737014360111397,0.068406938985669505,0.066666670143604279,0.015686275437474251,0.015686275437474251,0.040562226913224905,0.038466659978355675,0.098039217293262482,179.4857989054868,79.216065503802781,0.0,180.02127659574469,74.130699088145903,166.0,87.0,0.0,17,17,17,0.0077718522372528616,0.012396449704142014,0.0057266435986159173,0.0072576177285318556,98.201612903225808,77.638461538461542,82.511764705882356,156.3578947368421,0.22485020741104689,0.44202698711625799,0.47143126776675853,0.032278195416535101,4.2189634481079707,3.993483219673593,4.1228004088676249,4.4001784793678027,0.00093841776347495533,0.0013514390219348772,0.00093857313858491237,0.00065712236017364113,7.2544024594931873,7.133111205842857,7.6923682714931072,7.2302275819468385,-0.37870961283599675,-0.42368456584309516,-0.33396091596734445,-0.45624659375825272,0.98298477629727554,0.98913488116664416,0.97684170246852031,0.99301047529773134,0.16230579788729446,0.27003040603855993,0.13782571339395305,0.059384274861443209,27.33064516129032,28.930769230769236,29.123529411764704,31.031578947368423,5.1203246134815705,5.2231423499888985,5.3677388433729414,5.0107699879261611,155.17293184183154,200.6490532544376,229.69650519031143,166.78847645429357,63.343636186264291,69.571878698224879,78.052067474048386,80.786592797783982
2,18,351,97.0,88.0,1.0,2.8387639949791748,0.83640214785206257,0.0,0.27507836990595613,0.097805520094900011,44.174394433218566,44.643028571099428,6.7082039324993694,2.0899159422302742,1.4142135623730951,25.043961347997644,24.212704371917567,15.291433990552559,212.36199999999957,0.45942408376963351,0.22296066287635316,0.045901753343625916,0.063982703347258002,0.046355560404544853,0.027488473858865513,0.016376490405065971,0.019362110870665396,0.03828172705091356,0.024389922933397087,0.024835765080177423,0.012514022981451637,0.0069451738637859618,0.018105467907762941,0.015632869849279651,0.021674421484198497,0.011020477542548257,0.01921660054969122,0.0035784185838760628,0.0020645362636091485,0.0044324877043615809,0.010407739939281374,0.0049623822203677401,0.003908311802142423,0.0088468314576518881,0.0074000543229078963,0.0057402266836206915,0.0017965424870517194,0.0065604580738935292,0.0015333392643458949,0.0029004577656434982,10.701961078681052,17.086275013163686,0.015686275437474251,0.017647059634327888,4.7159736213061132,0.21568627655506134,0.21568627655506134,0.070873914428351337,0.048678846191349531,0.029411765746772289,0.0078431377187371254,0.0078431377187371254,0.053752979899541489,0.043803530481477317,0.074509806931018829,108.04842780350806,93.946752345287067,0.0,104.97435897435898,90.370370370370367,113.0,103.0,0.0,18,18,18,0.017104942780618457,0.013870233820344836,0.025646057239463834,0.024113865932047746,43.072072072072068,67.842931937172779,38.505494505494511,39.593939393939394,0.53862424754572114,0.42181381538526236,0.66882936814981564,0.82537406969080329,3.5220430467574779,3.89101549377629,3.4378767307329383,3.1701858498949322,0.0019884490806305476,0.0014271389663839554,0.0020456143150413162,0.0029796925657315271,6.7465914640622273,6.9028479397720135,6.3283215980713674,6.3526022072317492,-0.35553743981049479,-0.3487834532287763,-0.46814139726858223,-0.5219376051824377,0.97258344501590077,0.97255250298722051,0.98949385661243283,0.99435405792553966,0.27261236151221746,0.19006346270259722,0.3754229069010413,0.41744124464451482,17.135135135135137,18.565445026178011,18.087912087912088,21.193939393939392,4.8999385019725477,5.0087796200738506,4.9428426603964768,5.1246044074708861,143.63939615290957,166.83210438310351,194.03622750875502,413.87753902663007,46.677867056245418,58.668759080069066,58.13543050356239,113.36786960514235
2,19,334,53.0,102.0,1.0,1.7370174090573185,0.83816351500094988,0.0,0.44533333333333336,0.1574194643282531,33.772634268480672,35.805027579936315,5.3851648071345037,2.1966391175925604,2.0,21.913466179497938,18.420237541995554,39.42633645632057,163.28599999999989,0.65234375,0.33171763489980055,0.071553470849804443,0.10971314341950207,0.036552292748069579,0.066718241217075286,0.011398336814439242,0.015816085981106745,0.0066141674524937367,0.026590784257506318,0.025101266821965527,0.017115475041999114,0.0096697489096758231,0.030290213847014944,0.010703230446455374,0.014187124627736598,0.015604762152762042,0.013408246472827337,0.010267760887676711,0.013411813406761942,0.0063163907308325194,0.0077138240866350058,0.010128844410737962,0.0062881876361358486,0.0076541275477220319,0.010555926213765136,0.0016013570120171439,0.0050846824096590758,0.0070090022468641284,0.0099653683130296721,0.0040293520402965985,10.686274798586965,17.023529905825853,0.015686275437474251,0.011764706112444401,4.9565943468708609,0.30196079611778259,0.30196079611778259,0.091335682039204821,0.050968652412652256,0.023529412224888802,0.0078431377187371254,0.0078431377187371254,0.094183349416788159,0.065016635250716104,0.054901961237192154,46.167933658408067,105.12278277223476,0.0,50.820359281437128,103.41317365269461,41.0,108.0,0.0,19,19,19,0.016847510354003861,0.020880608684044927,0.032376033057851236,0.013607971445568115,41.030303030303024,42.882096069868993,53.899999999999999,125.65243902439023,0.78510754741944666,0.8650205688201944,0.7192028459025569,0.23489291539466664,3.5077342275203414,3.4371796205822092,3.5068243131399885,4.2793149077725134,0.001473967258183041,0.0015872977365966564,0.0015807075597285385,0.00073844718458730306,6.8066935267170479,6.7029135989827981,6.2378233915164341,6.715537334934008,-0.31153210147214938,-0.389401966564208,-0.41436081092849769,-0.35283720996278251,0.95857902735224376,0.98024625079393002,0.98062087458528446,0.97144214782934746,0.26684955459475534,0.35830074664649975,0.37157825897769575,0.14364125023282298,18.138528138528137,20.8471615720524,18.045454545454547,18.920731707317074,4.8270038656475034,4.9113425739142906,4.8126067972798054,4.8821036814502641,340.83795281197888,592.50502469441858,330.0070247933885,202.80469214753117,95.467063960570471,158.8467801910719,95.976756198347118,82.114282792980376
2,20,85,127.0,119.0,1.0,7.4839604646428572,0.44188701152933851,0.0,0.16798418972332016,0.054275036622799991,29.98472793131787,23.086792761230392,1.0,1.0,1.0,20.506096654409877,26.898421346673221,-27.784534857245688,140.28600000000003,0.22849462365591397,0.1785705253611973,0.0093491966573895514,0.065745545145474871,0.012559186328720755,0.018623750579418754,0.024877987653155496,0.023016800062091763,0.019010775439481226,0.005383678163242654,0.011902568137865542,0.027673921420095688,0.0097085644221043717,0.021754665100451504,0.0038739905275466647,0.0067939349809744915,0.0054017610119953532,0.0084625991427586898,0.015618837492848748,0.011547514647444143,0.0060227934083704601,0.0034017441660245235,0.010719451300602579,0.0075824085135593449,0.0064221444456312119,0.0080769409814430929,0.0078162136555432749,0.019788972720166883,0.0066769667842356524,0.0044340776195897248,0.0020546214297191747,9.3882355242967606,9.3882355242967606,0.090196080505847931,0.011764705181121826,0.99245737057393024,0.19215686619281769,0.19215686619281769,0.11044982969760894,0.11044982969760894,0.098039217293262482,0.070588238537311554,0.070588238537311554,0.033045625762374659,0.033045625762374659,0.12450980953872204,119.55054300648409,108.3918128507898,0.0,120.01176470588236,109.27058823529411,114.0,106.0,0.0,20,20,20,0.082644628099173556,0.067901234567901231,0.052083333333333336,0.040816326530612249,23.090909090909093,69.888888888888886,18.583333333333332,151.07142857142856,-0.68110709987969098,-0.39485031415547822,-0.49039264828739737,-0.013572492169708494,2.481714572986073,2.4193819456463714,2.8553885422075336,2.7534343861887849,0.0034016528925619838,0.0037975308641975307,0.0026555555555555555,0.0030693877551020397,3.7544418457133455,3.9477027792200898,4.3349625007211561,4.6644977792004614,-0.61647963135254757,-0.6010421017109121,-0.55831230336782633,-0.78901561518771879,0.98222721873123686,0.98303795731225829,0.98243535559101436,0.99885330456993948,0.28711486533268715,0.4110020189029262,0.18526130202600791,0.031635203089493462,46.727272727272727,46.111111111111107,47.25,74.214285714285708,2.2998963911678909,2.9477027792200898,2.7516291673878226,3.3248629576173561,4.3801652892566381,30.32098765432147,6.3541666666665151,147.02551020408191,6.8677685950411842,25.052469135802426,6.234375,74.524234693878043
2,21,318,56.0,120.0,1.0,4.3411963842894767,0.92396776580594686,-1.0,0.22617354196301565,0.089628594327006872,55.354745817242204,43.829214001622255,5.0,1.7833849788279377,1.4142135623730951,21.370574626200732,21.171548943377569,44.379722383518889,211.1519999999997,0.46389496717724299,0.21077052328255164,0.05660145549215978,0.012483833225962099,0.075229563925348047,0.011975306012789405,0.032341603950761813,0.024133392481861787,0.025781626455626358,0.017308625873738381,0.0099940612646081221,0.014058242116237622,0.01143655367522905,0.01025925980106103,0.015851993911008607,0.016600705404931786,0.023189207712139587,0.0054079842520835591,0.010577838505826481,0.006944674298447067,0.0050444397287558815,0.0016474544689057216,0.0084047773928303225,0.0068487855438100686,0.010317180316921521,0.016948003050428397,0.0048961635663160516,0.0089926816075974556,0.0048247703177577697,0.0029347570672175463,0.0071655618830665738,19.388235902413726,25.584314527921379,0.023529412224888802,0.019607843831181526,4.5833700171563345,0.30980393290519714,0.30980393290519714,0.13100159393522787,0.080453819270193017,0.035294119268655777,0.0078431377187371254,0.0078431377187371254,0.10147128981026796,0.085327437696469263,0.10980392247438431,41.511036164950085,112.95462904071668,0.0,45.405660377358494,115.37106918238993,34.0,107.0,0.0,21,21,21,0.010559428166351607,0.0067540897329064521,0.010118693323062918,0.011014645624568949,70.206521739130437,287.74172185430461,88.982248520710073,46.031847133757964,0.8568710922615278,0.61301172192792852,0.78299521729492838,0.87484273840102833,3.8354988715234359,4.8714060092920466,4.1231639105818489,3.6502252271536872,0.0011788161625708889,0.00036620515547563712,0.00078865739119778761,0.0012378227818572757,7.2396894048764775,7.4344072029415811,7.126607454649152,7.0826594051028673,-0.41221939574035776,-0.51590790758273242,-0.43369323909919039,-0.37013049520501884,0.98827936226628976,0.99715017247893001,0.99029235064435128,0.97975413525339727,0.23793264527611699,0.068868598435003869,0.2267172870547049,0.22551745336821249,27.413043478260867,36.748344370860927,26.828402366863909,24.312101910828027,5.2325906525570627,5.7776456774487039,5.2545331575387202,4.9959009852210414,910.81852551984878,1199.3406429542567,731.11256608662154,689.55227392591996,245.25626181474482,371.77059120214034,205.02370365183296,183.89603026491943
2,22,226,39.0,129.0,1.0,3.1935104704700121,0.82786972333297904,0.0,0.28249999999999997,0.083937589803753945,37.409389084759049,35.805027579936315,3.6055512754639891,1.4508910766975405,1.0,21.149302438391988,20.983690357933831,62.401537304122776,183.94199999999995,0.44488188976377957,0.21839493376082125,0.05181428359822049,0.042643415623895425,0.034558727997732276,0.03901269950656136,0.0047303378344126781,0.043103745446572785,0.021598869260653332,0.019475551480480829,0.0078149549563621482,0.0070396457889723135,0.001699784731207316,0.025232563792707111,0.010061513157702049,0.019002890496589517,0.011609292954911282,0.021660774269583218,0.013271585632536399,0.0085316098735769737,0.00069953949766733052,0.0041010787715065741,0.0070733464771576037,0.0076697207597350228,0.0088666239713736626,0.0043226221027760168,0.0096666720441061279,0.011408308847665314,0.0067204236681461041,0.0040644443301409107,0.0039591717490923689,12.843137635849416,16.30196126922965,0.023529412224888802,0.023529414087533951,4.8859090108012531,0.29411765933036804,0.29411765933036804,0.095844310715294145,0.072132571987741811,0.043137256056070328,0.011764706112444401,0.011764706112444401,0.0864771523927194,0.073602869981678976,0.086274512112140656,32.901852294502071,117.85542456904766,0.0,31.986725663716815,122.65486725663717,35.0,111.0,0.0,22,22,22,0.023404459823144944,0.010956902848794742,0.0083590534979423852,0.0097777777777777811,55.568627450980387,170.32432432432432,113.18518518518518,162.13333333333333,0.57984729806528157,0.67695505891170793,0.61196365451211854,0.16974824800493807,3.3183463342818245,4.1455472040992127,4.1579088571373575,4.396259565212894,0.0019515586909360462,0.00097542234155994687,0.00080604098507042936,0.00054032009849184365,5.9644619762746149,6.7025645142191275,7.1462851322264251,6.7787535238003684,-0.53875890691580486,-0.54478847505213979,-0.45291354666048228,-0.47079428514496763,0.99383117364628648,0.99668724865370673,0.99235347032107013,0.99227432715415553,0.36623586949096548,0.20263960735807313,0.13280934733317834,0.093810073897059934,20.333333333333332,32.513513513513516,28.425925925925924,24.32,4.6516335372816382,5.0724403185016858,5.1895296315527126,4.9556994444243605,208.94771241830068,884.16873630387158,470.18895747599458,228.43093333333343,66.129084967320253,263.62326515704893,145.84353566529495,97.64106666666666
2,23,82,96.0,131.0,1.0,7.8947210085358792,0.53340986645060762,0.0,0.1774891774891775,0.054128900586900161,31.024122813483906,24.207436873820409,1.0,1.0,1.0,19.230184606498192,26.241968698423342,-35.074963858124462,137.97400000000002,0.21578947368421053,0.1781666257137941,0.012208141624342736,0.074111265187033135,0.021517829015445099,0.02345608080307774,0.010432351057883333,0.014503094751133002,0.038045658779692501,0.013526337602998619,0.015332242429063147,0.0066632122746358132,0.0050539471213916862,0.024915620892555279,0.015516461417304488,0.020514480867754224,0.0035762261148653044,0.013412053083526644,0.021167498632718738,0.0016107088088344261,0.007017241087719772,0.00044745815324319789,0.0069338305961618796,0.0086906420605388397,0.00983653982925849,0.0024684593913013335,0.003570289532738526,0.010947681341336944,0.0061731822366663264,0.0045570294988855975,0.0030648914703522356,8.1215687841176987,8.1215687841176987,0.090196080505847931,0.011764705181121826,0.040200692411571232,0.13725490868091583,0.13725490868091583,0.099043521757532907,0.099043521757532907,0.098039217293262482,0.062745101749897003,0.062745101749897003,0.015345545772203895,0.015345545772203895,0.10980392247438431,88.961854192579082,138.85997102210595,0.0,88.987804878048777,138.82926829268294,98.0,141.0,0.0,23,23,23,0.044378698224852076,0.125,0.058673469387755098,0.081632653061224483,15.923076923076923,57.5,19.214285714285715,33.0,-0.14388947927735826,-0.91666666666666652,-0.31793525809274703,-0.45087483176314058,2.5654483718208256,1.5,2.4956029237290127,2.8073549220576037,0.0046524581780992046,0.0096450617283950629,0.0051807760141093472,0.0031966490299823636,4.5465935642949384,3.0,4.1644977792004614,3.6644977792004614,-0.56889990486634645,-0.90909090909090906,-0.57510986941480069,-0.66911744925480432,0.98644674295450252,0.99662533230944639,0.98250932712348382,0.98736839580148217,0.19777932474765056,0.065974917885936096,0.30385168419651176,0.24731552094635262,46.07692307692308,53.0,53.357142857142854,50.714285714285708,2.8731406795131331,2.0,2.8962915290459277,2.8073549220576037,11.917159763313521,2.5,9.9438775510202504,12.48979591836769,6.9600591715976634,15.0,7.2895408163265074,11.372448979591695
2,24,238,48.0,137.0,1.0,2.8180810875244715,0.68133289017546772,0.0,0.25925925925925924,0.08598996620032405,33.371777308235458,33.734255586865999,4.2426406871192848,1.5571511933939186,1.0,22.76947536722319,24.42726320413999,72.780838932093033,186.49599999999978,0.38730675345809601,0.26404616217706367,0.036317542953161079,0.058793156661212057,0.030810385457299434,0.049603501426521077,0.017552237754954462,0.036576834835495745,0.020725414837463138,0.0062460769650631289,0.038930412673612073,0.025064963306220066,0.0049998870350827377,0.019529429788602885,0.0082747212020102857,0.0062691456351106024,0.01254136057758154,0.0076213792753323613,0.012654432631615161,0.0046159187850106304,0.0079224658000504357,0.014018258988466235,0.010727858001611154,0.0083159730410910498,0.0096279036674927539,0.005829573867959046,0.010524470196246399,0.002467505164300839,0.0083338275849663065,0.012525393621155508,0.005002058925321109,8.4078433252871037,12.501961098983884,0.023529412224888802,0.015686275437474251,2.9350831974621685,0.13725490868091583,0.13725490868091583,0.064182010116695443,0.052529248315058334,0.035294119268655777,0.011764706112444401,0.011764706112444401,0.039288082571460027,0.03389786323661835,0.086274512112140656,55.322772865642456,142.2728983514846,0.0,52.575630252100844,141.23949579831933,53.0,148.0,0.0,24,24,24,0.011126360160768551,0.0097949188858279784,0.010684606252473288,0.016285822497159447,85.623762376237636,94.414141414141426,31.977443609022558,86.62921348314606,0.20932607215793003,0.23757337616673721,0.62112513274709658,0.25512421652297951,4.0824589117994572,4.0374175335606415,3.3870038107221534,3.945078647459821,0.0012788476317378715,0.0013285208992279704,0.0027224057777414856,0.0016656574724790017,6.7572835772103002,6.9184063374002749,6.8715025256424234,6.4413665767421104,-0.38468699739263895,-0.37099766184145938,-0.35870946675889337,-0.38577388622658365,0.97978814021779859,0.97836712600361009,0.97487989422685128,0.97672100674709272,0.17478781372597829,0.18567400012941826,0.27649077261278743,0.21970759711539389,24.099009900990097,25.282828282828287,21.84210526315789,22.40449438202247,4.9442550831398702,4.8722329132290909,4.8446419234992657,4.7697834314256271,130.96049406920895,153.25334149576565,136.82469331222808,145.97121575558651,54.146064111361625,61.916870727476777,42.200534230312613,58.150107309683136
2,25,625,38.0,138.0,1.0,2.1143453270797843,0.86145637835079913,0.0,0.4898119122257053,0.18025480290191198,51.706662498724583,45.880278987817846,5.3851648071345037,2.2063332708333778,2.0,22.94006485044159,26.258275835973112,67.999315733278635,208.73799999999974,0.67204301075268813,0.37683051609026436,0.060348402763059229,0.057812105263206882,0.081282680019873904,0.019569846514874648,0.035323614699849765,0.037754451072574732,0.016365376320966751,0.021456375747180879,0.032889173940533055,0.015297469131029603,0.014074901676445432,0.028914083157981028,0.012863051285820127,0.011676520405821574,0.0094465348364958356,0.033258974572924781,0.022860789966306614,0.0030662937499946722,0.0025051194949719038,0.018932939340860409,0.0051182443500559262,0.012043247437642905,0.011382231267260873,0.0068992037278656918,0.021459873723942133,0.018187865214946419,0.015272874626471145,0.0040444686041478618,0.0021658757157184141,8.2000002451241016,20.772549671120942,0.015686275437474251,0.0078431367874145508,0.81552900544368656,0.17647059261798859,0.17647059261798859,0.046857144257852007,0.033236079473793506,0.023529412224888802,0.0078431377187371254,0.0078431377187371254,0.046401135772193895,0.029922516436816378,0.035294119268655777,37.113460451453506,151.38248066623467,0.0,37.662399999999998,151.98560000000001,43.0,159.0,0.0,25,25,25,0.022789807057343726,0.013207059784698192,0.020722102849970146,0.028388234543075104,76.286729857819921,82.754901960784309,57.8830897703549,107.5819209039548,0.24889292746575659,0.25521482170791426,0.36744627027867433,0.13685269406853473,3.6535192594751265,3.7686022819340854,3.4441317970598178,3.7767536190049249,0.0024715508821499211,0.0021526024416957559,0.0027597463413359313,0.0024789053499596125,6.5558073184879255,7.1960232350060718,6.6439847231986047,6.4712731599365041,-0.25746416719391318,-0.19254769122533139,-0.26249403243578961,-0.26188897867376393,0.92515074960628663,0.88552385053548655,0.93041580651580791,0.92614350220875097,0.374709083599015,0.30182934484013219,0.37350802358250357,0.38523177577579704,16.035545023696685,17.524509803921568,16.025052192066806,16.497175141242938,4.729050719309793,4.8804401048731219,4.7708713875638908,4.7339721881999015,126.84470811527137,139.46998750480583,125.13089639602333,141.69631970378884,50.782859493272824,55.556222366397563,45.753496541594572,62.319560151935917
2,26,441,158.0,171.0,1.0,2.0684444540226465,0.72483554891667501,0.0,0.41099720410065238,0.15031132770967587,39.69876444663339,39.0,5.0,2.1495860936700484,2.0,27.303953602966388,27.349349461289126,13.636234885652822,192.01199999999977,0.54143646408839785,0.36748991462112851,0.077326871342278808,0.056551769826925329,0.04715727535885518,0.054296853692021495,0.002959192456699291,0.087215139165294261,0.015314753567473726,0.00687399587925667,0.041589549397112291,0.0093866920709194442,0.007880202010584066,0.041120704788106255,0.017918311540091492,0.015118271381217014,0.0089395993701538341,0.012884073873127282,0.011821502098352896,0.010864889222186548,0.0066101675057602749,0.002084755120464959,0.0017849925306238153,0.0040103375266864636,0.0026441306126778956,0.0056368808779818421,0.013171477701726199,0.0048731335753831604,0.0039495071202732763,0.0086215824258390906,0.0020991655787711396,7.4549021366983652,16.137255355715752,0.011764706112444401,0.0078431377187371254,2.4510010555571951,0.18823529779911041,0.18823529779911041,0.052499310821819474,0.036592415772598079,0.019607843831181526,0.0078431377187371254,0.0078431377187371254,0.051090419547869137,0.036111968309379835,0.043137256056070328,168.28821386566568,167.70765493754749,0.0,167.86848072562358,170.12244897959184,175.0,158.0,0.0,26,26,26,0.017648126788841898,0.013716122829156902,0.021783333333333335,0.015058793600542708,87.238562091503255,118.65891472868216,66.273333333333341,93.281954887218035,0.30746736586830864,0.18081714465052121,0.43155945753126068,0.27946366681999291,3.9572801338789141,4.1965899182866417,3.789209786731667,4.0476219263809394,0.0015498707597395801,0.0012237880071253096,0.001798019343791939,0.0013804266689433425,6.9292205703104841,7.1002446794027287,6.6170364841496205,6.9575481818752447,-0.25062592069070294,-0.24084844410828016,-0.32342523555862257,-0.23589821536450351,0.92880589626635801,0.92568906092626668,0.96028607170888802,0.91893609763228856,0.28264735418856923,0.26500145646681372,0.30485820473648367,0.24272768216984947,17.022875816993462,18.379844961240309,16.526666666666667,16.966165413533833,4.8493169882633147,5.0103236461613108,4.8488362413520463,4.7991625703049277,164.70209107608196,171.04176431704832,166.90262222222219,165.64171236361585,62.985163291896299,72.425169761432613,58.293988888888919,64.730916812708472
2,27,556,56.0,173.0,1.0,2.0774106753261652,0.60916188948041139,0.0,0.45424836601307189,0.14681358975217751,42.49144717309845,40.224370722237531,6.324555320336759,2.3593755984355638,2.0,31.1499798318284,33.697667775425373,36.74862423151604,218.1519999999997,0.58434051497635309,0.43746962476411971,0.050451026030648244,0.02825895727392895,0.047543830165307756,0.034049392491579393,0.024429471615694909,0.11195996680737584,0.022229800515944597,0.0080991320368127319,0.039042714567390946,0.017646736810369098,0.012672350724747964,0.020450746227535239,0.01190679953442007,0.0081705075464129241,0.017788719466828556,0.0056912153303899336,0.01268332894906905,0.0085048578947813404,0.00097432152442671483,0.021415767692313719,0.011335503638449262,0.010276482316859552,0.010825830048027256,0.013951375441766209,0.017283694131660209,0.0041070342138477163,0.0067067292109361173,0.0083478057983946488,0.004583793613584056,8.0588237587362528,20.239216289483011,0.015686275437474251,0.011764706112444401,3.1184752144004073,0.15294118225574493,0.15294118225574493,0.051659126658565722,0.036401468146552179,0.023529412224888802,0.0078431377187371254,0.0078431377187371254,0.047745460180939496,0.032764925158477259,0.043137256056070328,62.117419101688888,184.50435961641068,0.0,60.989208633093526,181.59712230215828,61.0,177.0,0.0,27,27,27,0.023294824367426512,0.017373268909193374,0.018710259642741506,0.017890762698285531,78.59580052493439,99.829787234042556,73.687664041994751,75.806962025316466,0.32193869141102271,0.26245932347349915,0.3229077535776238,0.4325485021150175,3.6970949527848873,4.0268744908554703,3.7777304953485862,3.6644584622177683,0.0026029675670462458,0.0018447203462643538,0.0023560004064452572,0.002606152860118571,6.754364884225236,7.0619630049085149,6.8791981041497348,6.9413346041277126,-0.30168643721221039,-0.24457893183056151,-0.26446394912573773,-0.24703783942388682,0.95354735396329804,0.92749325409491157,0.93654559676520188,0.92662698080507444,0.36984070417476239,0.29217639066613538,0.30916446557835175,0.33870781834603264,17.141732283464567,18.036474164133736,16.816272965879264,17.610759493670887,4.9313112868115825,4.963973902219319,4.8574936235554969,4.8614593482840913,153.22925579184505,170.88012860191611,143.9714937207653,191.3769728408908,57.956264079194824,67.677478958989667,54.414789440689972,66.795983716551845
2,28,290,149.0,185.0,1.0,1.6735796960371605,0.82572598291241717,0.0,0.42521994134897362,0.20663250030355612,30.656174273198605,31.622776601683793,4.4721359549995796,2.0583762842085762,2.0,19.787636589490742,17.292272685644033,5.5045003696589117,132.80200000000002,0.65909090909090906,0.36923946797319723,0.037611504771919477,0.13340494653917132,0.055791385647725115,0.01323425584460588,0.017075868409803525,0.026988644725507632,0.038913595396460547,0.033516523720969464,0.021053209750121642,0.025920618329749196,0.0031092870941269277,0.012678760486177588,0.017901946103135755,0.016002601235581126,0.020594133741380895,0.019968593617156829,0.022999157222304282,0.0037001618523817433,0.0036775724933339367,0.013014408884818624,0.0023518982672875331,0.010740792925670511,0.014282115208199352,0.013266163081009854,0.006538770595463682,0.0123354792687021,0.0051706240615463223,0.0052227763770853058,0.0011761182925727784,6.9490198129788041,11.803921941667795,0.011764706112444401,0.0078431377187371254,3.827180406801189,0.29019609093666077,0.29019609093666077,0.069490198129788044,0.040703179109199294,0.019607843831181526,0.0078431377187371254,0.0078431377187371254,0.07702679804636578,0.052395342545302821,0.039215687662363052,155.62159467534639,188.35249167419491,0.0,155.48965517241379,184.52758620689656,158.0,192.0,0.0,28,28,28,0.0268375,0.029320987654320986,0.022526784896675922,0.014975761772853183,54.959999999999994,84.62777777777778,72.176795580110507,125.17763157894736,0.69334797779004709,0.36256478669921205,0.36981867839587573,0.45061940339830564,3.4210672215519304,3.6208506842297332,3.7717114993819951,4.0220331641697538,0.0017295555555555556,0.0016090534979423866,0.001228365705835868,0.0010929978454909202,6.2053847319885342,6.1896136956960195,6.2324203177920099,6.6634405080983115,-0.37654052099838248,-0.3056975630309961,-0.37229035889687556,-0.36689193624951005,0.97148442758018161,0.94490846874528633,0.97067572213355335,0.97463495737468442,0.37564558219902133,0.36569097671523282,0.26798794422213684,0.25173216914424551,16.41,14.727777777777778,15.469613259668508,19.861842105263158,4.6373103657483448,4.6022094427036162,4.67562025311193,4.8496651366907439,303.49189999999999,180.8981172839506,156.88996062391263,330.52696502770078,89.612975000000006,66.381473765432105,57.266689051005756,113.92614915166207
3,1,281,64.0,1.0,1.0,2.9490682315367502,0.83121016776615164,0.0,0.3345238095238095,0.14546889077370861,40.162101325790516,37.643060449437421,5.0,1.8246271382754506,1.4142135623730951,23.0,22.328454504464219,-46.059546886002465,155.80199999999994,0.52133580705009275,0.2524913987795207,0.059614802899710745,0.03633181899776388,0.051675357682834447,0.02422466723338387,0.0069526456896331097,0.02934670263592784,0.026333261125278094,0.031543905271504871,0.028291887357154124,0.0056957387771409016,0.011058688160035631,0.0024386773801440436,0.031186276606568308,0.022467233290250962,0.017061288153174262,0.0063000725325172043,0.0012855421616109889,0.00406810499794259,0.0019200542249513163,0.0068913730539430585,0.026162944951218552,0.013207133704093906,0.0090787297783742199,0.0082318909336994515,0.010549748625724432,0.010321827728320701,0.0043720205652734148,0.008606193121990971,0.004686960979169966,4.6627452266402543,9.1019610543735325,0.011764706112444401,0.011764707043766975,1.9262380760167657,0.12156862765550613,0.12156862765550613,0.041631653809287981,0.032391320478197622,0.019607843831181526,0.0039215688593685627,0.0039215688593685627,0.035893011263460173,0.028479429906718697,0.047058824449777603,55.881947423608601,8.130978043464804,0.0,55.914590747330962,10.056939501779359,60.0,12.0,0.0,1,1,1,0.017680921052631578,0.022803795531068261,0.02072756556142992,0.017181396484375,67.30921052631578,62.979797979797986,44.934911242603548,82.09375,0.27417754018981583,0.38033348241108417,0.46669752768349548,0.27147854176980435,3.8433327877901897,3.5897725474596642,3.4725386391410931,4.0254369549355857,0.0020586262119113566,0.0030313193487909399,0.0033070322620881647,0.001743316650390625,6.6164270828172693,6.1338504337330315,6.4866205943616464,6.6462661642590994,-0.3953942577228583,-0.45431439511314942,-0.38099886765540747,-0.36611757695352332,0.98063235605122756,0.98632326975537898,0.97610570573715516,0.97423527615088168,0.31594595382378626,0.3455031751653892,0.36368161864235138,0.27643234243530085,15.690789473684209,15.484848484848486,14.071005917159763,15.640625,4.9515412402758781,4.7859163733908652,4.8340146427155624,4.8535593036825784,118.16096779778394,140.29017447199257,123.58075697629636,143.277099609375,46.36754458102493,50.817493112947666,42.12891705472498,56.34271240234375
3,2,702,83.0,28.0,1.0,2.1289788796970308,0.46443638308181495,0.0,0.51278305332359386,0.20152655344867743,46.16882184211903,41.182520563948003,5.8309518948453007,2.337438616527526,2.2360679774997898,34.648232278140831,40.887408022868229,-43.148685707647708,209.22199999999972,0.60779220779220777,0.5267047713395947,0.010852951076336501,0.064359371322982098,0.035581204903234624,0.062317245657909651,0.020268097776596397,0.13714331451943115,0.035902383743940676,0.015944493463870071,0.0081127277218656611,0.0088603445004792267,0.010059161270632624,0.01339989272295678,0.0075878617439298522,0.004337405991511902,0.013832178575797308,0.027006250476164638,0.011251178657254467,0.0044809096707211183,0.0029535528923730924,0.03300463779271904,0.014400716249336955,0.0026110582805410165,0.0012386803926635196,0.003719203435054622,0.011249376125746433,0.0055496352188126839,0.0066276532833259797,0.00083090489068326243,0.0032973378183197956,6.4941178634762764,20.298039857298136,0.011764706112444401,0.0078431377187371254,1.2883001987452658,0.10588235408067703,0.10588235408067703,0.038886933314229197,0.028914586691307885,0.019607843831181526,0.0078431377187371254,0.0078431377187371254,0.034897682274553678,0.021985458647714565,0.035294119268655777,94.831916538195131,17.934312212613758,0.0,94.554131054131048,19.192307692307693,89.0,10.0,0.0,2,2,2,0.011954715757752147,0.0091990371710651449,0.013102019113105297,0.0097496298795000103,34.172744721689057,57.841491841491845,32.097328244274813,47.32683982683983,0.33648366853868944,0.028285340655845575,0.40685697675580673,0.208534290418773,3.5502464168339163,3.9910869919105547,3.5129989061642357,3.8221924669691116,0.0027415426992854234,0.0014344837646535955,0.0028935150774953644,0.0018855731981891534,7.1361990506121469,7.3832936105911209,7.0230083552591385,7.3613440468262903,-0.15176087542839728,-0.13119550878940212,-0.18509823782969709,-0.12756328595171346,0.83080017683544227,0.80334417792257529,0.87252201983079447,0.7957553320904015,0.26642958975090802,0.21266307286915237,0.29126560112119859,0.24165824282790871,14.357005758157388,15.030303030303031,14.467557251908397,14.885281385281386,4.7217772064490422,4.7687612788352629,4.7755928170068396,4.7583533056836531,68.832239786915068,61.208871936144646,76.130626857409197,72.266060418657787,25.75124612715102,29.762590944409126,27.056988775421004,29.898225061374418
3,3,218,133.0,28.0,1.0,1.7591736483291702,0.81553593779876166,0.0,0.44855967078189302,0.23754989859708703,27.092276128785393,26.476404589747453,4.0,1.8230179256765155,1.4142135623730951,15.493174675916539,15.678474446706293,6.5209267873304864,107.38800000000005,0.689873417721519,0.39595751890480096,0.063341513504349051,0.099884583974270635,0.066535466756379752,0.053532828758025931,0.011561754727964346,0.03425529804895517,0.022088928812311941,0.035855328565927699,0.022961621939519301,0.011432066389046001,0.017224486795091091,0.044501061364946873,0.0074597143376673794,0.015913590770653369,0.022129101245528617,0.020027457951287138,0.011053235105710255,0.0089490575063590014,0.0076807333466722191,0.011024228049923979,0.018740273562072911,0.0029938914651295731,0.010970462623434433,0.0095586721573022362,0.01423041768628186,0.013518559520696067,0.0076228189405621776,0.0035986985927665182,0.0059878201167931303,3.823529539629817,6.835294347256422,0.011764706112444401,0.011764706112444401,3.0652078425643934,0.15686275064945221,0.15686275064945221,0.046628409019875819,0.031354561225946889,0.019607843831181526,0.0078431377187371254,0.0078431377187371254,0.044091895135974682,0.031539621180711193,0.039215687662363052,139.11876075632955,29.830751574028831,0.0,136.95871559633028,27.655963302752294,141.0,35.0,0.0,3,3,3,0.025586734693877549,0.017595518529158288,0.020677041354082708,0.026396079881656806,43.392857142857139,61.220338983050851,39.212598425196845,54.971153846153854,0.56647299402007978,0.14386607691658715,0.3376605423882173,0.37587303486785928,3.5400646731045802,3.8656646650365407,3.5136698021241424,3.4674948347092709,0.0023667884762471306,0.0014860991793471856,0.0022465363193665106,0.0030041201876876604,6.1216713244164129,6.3889083522918808,6.3511480662741722,6.0363871139052376,-0.36683604324235847,-0.30831318787786083,-0.29081740375984683,-0.32021639862751161,0.96751020357198447,0.95004507878428912,0.94065094196679,0.94862225372116626,0.31470244587940599,0.19760957463362236,0.31669069629859548,0.33636904599901041,14.37857142857143,13.966101694915253,13.37007874015748,13.759615384615385,4.4607274256482121,4.4032336625501651,4.4817033785124547,4.4757810906714361,156.79239795918369,81.795461074403931,79.193750387500813,121.18259985207098,50.046313775510185,35.753950014363667,29.601587203174404,44.038438424556198
3,4,291,147.0,46.0,1.0,2.0007770049073885,0.6446587666317346,0.0,0.52909090909090906,0.19305303485282593,30.619453664739137,30.610455730027933,4.0,1.8073883859821187,1.4142135623730951,20.708180250368887,23.407667635621248,9.373550322820611,137.63000000000002,0.58669354838709675,0.39542444772458102,0.019066124695026655,0.080743349858844238,0.041099302078234867,0.047760417401492859,0.035450605577665426,0.051958427536989364,0.031005796510608762,0.038100859078510282,0.041914174410812001,0.010624818539802012,0.012549749784241795,0.057969239130122897,0.01262744667870812,0.0077754475348762158,0.018331753065785852,0.0088942357042725451,0.01266497212335491,0.0074813559795224279,0.014486080858252563,0.013823164399743086,0.015335955511814738,0.0059223473371849385,0.010336045540644909,0.010687132656212734,0.0084209934678674703,0.013257500468341199,0.0078432590556728708,0.0062552552506779484,0.005334029508980263,4.9294119356200099,10.819608206860721,0.015686275437474251,0.011764707043766975,1.9280896237450733,0.14509804546833038,0.14509804546833038,0.045223962712110183,0.037180784216016227,0.027450980618596077,0.0078431377187371254,0.0078431377187371254,0.039969616152815551,0.028648909812401657,0.051960784941911697,139.47988403387646,41.461761513810536,0.0,140.58075601374571,43.044673539518904,141.0,37.0,0.0,4,4,4,0.010557379118798131,0.0070154577883472053,0.00888411045722046,0.0089986282578875185,50.342696629213485,77.813793103448276,36.12234042553191,58.948148148148142,0.45293894008801683,0.060495394315027283,0.38189137536416629,0.070566780113816854,3.8599040755375604,4.0832745144355389,3.6199296093014697,3.8271556011110945,0.0014470283243707522,0.00098092562277462885,0.0019328038532871676,0.0014228499557318685,6.9969698945355452,7.3581262245247867,7.2097842324285963,7.083048815598449,-0.36076735940222382,-0.26387123304185645,-0.24091701405028385,-0.2581062820404631,0.97674607607933506,0.94508697211342885,0.9280180093847793,0.93671221359151147,0.19390716732443744,0.12223541145532144,0.20188071352483136,0.15495346154524298,18.724719101123593,18.737931034482763,17.313829787234042,17.762962962962959,5.0445773985398201,4.953301936611588,4.8694491358590479,4.7326613366856183,133.70511930311841,87.834768133174634,80.757893843368038,67.899368998628404,46.011953983082932,41.412140309155774,29.220058567224982,31.711879286694099
3,5,585,162.0,55.0,1.0,2.1134039688798589,0.27206435851564614,0.0,0.4642857142857143,0.20206508650976052,40.426598556917483,36.400549446402593,5.0,2.1540238665834952,2.0,33.339742973491283,38.901669164053253,29.51293252060373,190.73799999999983,0.60278207109737247,0.52773855554197768,0.022260377933615964,0.062739237436776202,0.010503642741496474,0.073271030868435713,0.035862201518964687,0.13212343039105512,0.013622728757018324,0.0069782353659149738,0.021935273410409618,0.0078384649844865477,0.0038296456219736527,0.017034817232235936,0.01274903110066119,0.013409820797471725,0.0051401899057006298,0.03556563212155698,0.0020379187076710117,0.0025492460093545313,0.0063035736331082193,0.023930443987705313,0.010379060288456636,0.003498474876324608,0.0066052368255280994,0.0027263274656764589,0.0075585572361979462,0.0034167228281560772,0.0020612303923445881,0.0027985088637986475,0.0031253866676830993,6.0274511761963367,16.874510345980525,0.011764706112444401,0.0078431377187371254,1.587574951319165,0.12156862765550613,0.12156862765550613,0.03863750753972011,0.028845316830735941,0.019607843831181526,0.0039215688593685627,0.0039215688593685627,0.035765261487372003,0.023249576361386682,0.035294119268655777,167.42900301786401,42.231234020605193,0.0,167.32478632478632,43.815384615384616,177.0,36.0,0.0,5,5,5,0.017010056959772157,0.0097898372933884308,0.013527662105889352,0.012915349995212103,38.535377358490564,65.372159090909079,45.600000000000009,56.725988700564976,0.33688866316379068,0.12431653041375131,0.20798749205958172,0.14654497241331285,3.5956725935330529,4.0502181204411141,3.7302220452743353,3.8458565854732609,0.0025695170656817382,0.0013044373063016523,0.00221090031975015,0.001986447011953781,6.9984452597712963,7.3809357563890146,6.9570008221086042,7.1207883985508893,-0.18534554999279432,-0.15494120905336858,-0.18120823198520744,-0.16423431106883019,0.8721235426106998,0.84291975268745167,0.86602150447514048,0.84871574711214115,0.31461634983364084,0.20831007081244385,0.25371205428011678,0.27942043552017171,14.22877358490566,15.400568181818183,14.039024390243902,14.437853107344633,4.6968040148950436,4.7882051250080835,4.6814190506256343,4.7631752817112165,77.690587175151336,83.933295131714857,69.549696609161202,76.206589741134366,29.056491133410475,37.326363555656009,28.787424152290278,33.233144610424851
3,6,395,88.0,41.0,1.0,1.8211311762810927,0.6680860114824323,0.0,0.57246376811594202,0.22375492185170073,34.357697161698681,31.240998703626616,5.0,2.0897179329923805,2.0,22.0,25.565014632763628,-85.649838856024871,148.94199999999989,0.65451532725766359,0.48797345188692476,0.060825396740423233,0.039165526768288224,0.055626082723556715,0.028995788815558803,0.026967335872506007,0.11786827731615038,0.016050561143726633,0.021476529660375492,0.014529047023509167,0.0024643662591766818,0.030746723725800392,0.055313808841327972,0.017930684825190207,0.014892868595139899,0.0023320562687155675,0.0077920588096068253,0.0062648948815451451,0.0081503006613892481,0.011167918226017407,0.010180349164617684,0.0081522734121772696,0.0015797813850895663,0.0056338225897971704,0.014433813045131113,0.0036367598531938548,0.0064837391115457957,0.007549512153924162,0.0056658500955321872,0.011537233421645015,4.9215687438845634,11.309804243035614,0.011764706112444401,0.00392156932502985,1.6941141549586605,0.12156862765550613,0.12156862765550613,0.040674121850285648,0.028632415805153456,0.015686275437474251,0.0039215688593685627,0.0039215688593685627,0.038939661795452885,0.02640429078591881,0.03235294297337532,94.324202482363035,48.084604704807681,0.0,92.643037974683551,48.293670886075951,103.0,49.0,0.0,6,6,6,0.024198039652483849,0.021703603316326533,0.028054423821739352,0.015258501744988232,49.492537313432834,61.026785714285708,59.716312056737578,73.076576576576571,0.29334802264783799,0.21062468323985009,0.26782586118589602,0.14308239755223914,3.4789303011923072,3.75402918574853,3.7311048866948791,3.8539617504374295,0.003497916782691022,0.0023305464764030621,0.0025050908373572761,0.0024550786005600174,6.3369245316740299,6.5333085646673892,6.4836649598625149,6.8169515251778181,-0.23036243456542607,-0.22147392498687915,-0.2339573463886826,-0.18157739550279031,0.89884092400432603,0.89638703372395589,0.90584161279032949,0.86238009864596976,0.33740874970229129,0.28786403123169541,0.3341529555682029,0.26667873244601548,13.32089552238806,14.241071428571427,13.992907801418438,14.563063063063062,4.4773982048598961,4.5110684109463559,4.5737595943872398,4.6585087695864722,90.583593227890333,93.59367028061223,103.40420501986827,97.480257284311364,35.019032635330817,38.655113998724488,40.780129269151452,42.639208465221962
3,7,701,75.0,37.0,1.0,1.8593219812913544,0.54167921787595752,0.0,0.51810790835181075,0.23875613720760483,44.092612836945008,40.447496832313369,6.4031242374328485,2.5164153149376487,2.2360679774997898,32.0,37.063601621379746,77.440173519642229,192.08199999999974,0.66257088846880907,0.52553029636551896,0.072855751299336635,0.0086788294138933648,0.046089868805783293,0.029686443115354278,0.012691984362328565,0.14853343242750847,0.0058251871427722896,0.0048998552236657507,0.011293439743688367,0.0097502767694650702,0.014700904752399113,0.025434177933529135,0.018855147976252096,0.0016883006612835687,0.0060699711801897489,0.018322768087491205,0.0060047129003311705,0.0028124113000227604,0.0084550909066034505,0.030092705764863611,0.012576330612786284,0.0046628003842605712,0.0089751665508042127,0.0049413556284785909,0.0060221092238317816,0.0029557599058342601,0.0017783116646487664,0.0019057591013128164,0.0049226891559291967,5.8705884134396911,19.239216311834753,0.011764706112444401,0.0078431377187371254,1.4469119292471384,0.11372549086809158,0.11372549086809158,0.036238200082961053,0.027445387035427607,0.019607843831181526,0.0078431377187371254,0.0078431377187371254,0.033542159407882716,0.020900050829062114,0.035294119268655777,67.177537715324689,46.842233997985552,0.0,68.299572039942944,45.928673323823112,61.0,56.0,0.0,7,7,7,0.018937662916911915,0.015348476454293629,0.02415294924554184,0.016844995692693241,29.910133843212236,40.172631578947367,26.827777777777779,41.420353982300888,0.36131124781251378,0.25770479484072512,0.40841196774381239,0.22611176752471895,3.3431826459840064,3.613796422171907,3.333011746942383,3.6367172988243657,0.0036246451219269431,0.0025815943367189904,0.0034197530864197518,0.0026117724349770739,6.7211643751943075,6.9404073099287062,6.4305904929240265,6.7499803502302633,-0.16219728573733516,-0.14582538780243565,-0.20551101700061267,-0.13864570870532189,0.83346962373628586,0.81507647251763848,0.87791902237088648,0.7963428307018271,0.35541442791154032,0.30881593395087015,0.35132599528686664,0.26549228528910473,13.657743785850862,14.269473684210526,13.283333333333335,13.752212389380531,4.5443431591768677,4.6141648385370084,4.4772462619696043,4.4875615919265988,63.750929517528249,68.066331301939044,63.869722222222151,65.624442007988051,23.415265840185121,27.059740720221612,22.674374999999998,26.761198997572251
3,8,807,20.0,54.0,1.0,1.6501379106836493,0.4360482407465196,0.0,0.45748299319727892,0.25149038014771485,43.277190669182964,43.657759905886145,7.0,2.7379351704399895,2.2360679774997898,34.237927343660992,38.946151901720349,48.15441567415521,200.80799999999974,0.68245243128964062,0.53539287239705791,0.045469166392662311,0.054665124708223149,0.027009973826937803,0.027885957529629829,0.015386699863172639,0.13350191121988617,0.0083763542880301786,0.037801991184230277,0.026552202982761963,0.0065528736026057351,0.0069825764049175187,0.048609683627426001,0.0093490125584869931,0.01228924929275505,0.014389531916252389,0.015679923921932282,0.0026644565725091342,0.0083755190422633678,0.012219551480881314,0.013244062927418901,0.0034873284292374017,0.015705105355159905,0.011564658097670428,0.0063372873206354804,0.0078135412088234275,0.0051787624258142709,0.001500178432609852,0.0070330866151575959,0.0011678340874509059,5.1411766149103642,16.682353500276804,0.0078431377187371254,0.00392156932502985,2.3394748849641376,0.12156862765550613,0.12156862765550613,0.030785488712038109,0.020672061338632967,0.011764706112444401,0.0039215688593685627,0.0039215688593685627,0.035429869469599071,0.020518990842739664,0.023529412224888802,33.284438149096658,53.942172082133055,0.0,31.026022304832715,54.552664188351919,44.0,57.0,0.0,8,8,8,0.043439939561823217,0.035083102493074801,0.037895916055078652,0.032654297094482393,24.889952153110045,34.361403508771929,25.653354632587856,34.738515901060069,0.40668023050850638,0.34502976812077157,0.39275767716115151,0.32013552947018176,3.0001868291699916,3.37914860735131,3.0935225705837444,3.2780412444526554,0.0051641540332498992,0.0033595793898122516,0.0045285271201859819,0.0040670452363932661,5.8466250952397729,6.2329338618858952,6.0607687660868299,6.1513877062096469,-0.25381848927106115,-0.18493714304619235,-0.21223884695647144,-0.17019127212822288,0.90402400441507746,0.84806278094054,0.87340990328051515,0.82555973385116377,0.46231438560409244,0.3659152130900164,0.44361099287804578,0.39658991626854029,9.9393939393939394,10.701754385964913,10.062300319488816,10.300353356890458,4.2932343235598793,4.4108924330190309,4.3195997394103616,4.3135480088248208,59.010680972403449,70.5636811326562,58.837971705335377,67.453957472312084,20.975158281378384,26.231271160357032,21.122831584480814,25.548118343343024
3,9,104,81.0,63.0,1.0,2.9127732708834295,0.57903055766988509,0.0,0.26262626262626265,0.089556054973559646,21.576055521596171,21.213203435596427,2.8284271247461903,1.192665886089892,1.0,16.099689437998485,17.591084078151454,26.659308927699712,120.80200000000005,0.40388349514563104,0.27501974166279536,0.047733287408827006,0.038361923273046793,0.013826263966435997,0.046550450819540179,0.032978453921776361,0.015140923534747797,0.030453593265509012,0.023758348947553354,0.013486649527160785,0.02345798175054762,0.0047543480966403462,0.0014208368972855225,0.024969667952034473,0.011079181591468793,0.01381047930676506,0.0097671433132298525,0.011690803569377297,0.022997719386744799,0.004181775715138069,0.0050751829484152328,0.016752644664053136,0.012646025406206808,0.014546407182129769,0.0032937748803906043,0.0096658394289157699,0.010508107102246575,0.01238307403789507,0.013740714281772396,0.0057929870814090951,3.8784315092489123,4.7686276119202375,0.023529412224888802,0.019607845693826675,2.3989407097393882,0.090196080505847931,0.090196080505847931,0.048480393865611406,0.045852188576156132,0.043137256056070328,0.011764706112444401,0.011764706112444401,0.025888619879295485,0.023965769513209896,0.066666670143604279,82.695723696210678,68.04111843459593,0.0,80.865384615384613,66.490384615384613,85.0,75.0,0.0,9,9,9,0.019357195032870714,0.027210884353741492,0.022633744855967079,0.018518518518518517,11.135135135135135,54.619047619047613,25.777777777777775,14.750000000000002,0.74214283297811123,0.0029596208373878262,0.42447629547960247,0.7357314181833261,2.7660379073433634,3.3320953986601691,2.8760335779708552,2.9915254351209182,0.0050510814868922988,0.0027045540438397583,0.0042652606310013717,0.003986625514403294,5.7770209331965185,5.2494602799216175,5.5326652799412459,5.8365916681089782,-0.51818989380369418,-0.60088548950918796,-0.62082409327190857,-0.51544587700617139,0.99116625276835835,0.99448019785630981,0.99656036055727193,0.99127683902715502,0.28562051105771302,0.091430053348275003,0.18150693680105445,0.27299885858709388,19.891891891891891,27.761904761904759,22.888888888888889,19.194444444444443,4.1548709329626288,3.8801799226757381,3.9861879650463026,4.4613201402110079,75.23155588020461,54.943310657596498,63.802469135802426,96.878858024691397,21.591672753834885,27.390589569161023,22.395061728395035,27.907214506172821
3,10,71,52.0,79.0,1.0,6.1285770023207471,0.4080252057546303,0.0,0.19667590027700832,0.062416067122013218,24.620765571683435,18.681541692269406,1.0,1.0,1.0,16.363655788644259,22.478036667146014,58.941148318060058,119.56000000000004,0.25585585585585585,0.25713779961229238,0.0049114707120294938,0.14827040365399938,0.018421405398519396,0.018125661569726309,0.012672563515721194,0.035457607114972804,0.04457615885543488,0.014686944107266077,0.0058268611769626347,0.018102673915904147,0.0049999278110233764,0.014840768030882957,0.029968608100902988,0.026478305294481599,0.011416249012061584,0.012354296085208926,0.016924498136040213,0.010810128453780245,0.0006520729526123543,0.020504648490069725,0.02285934143966353,0.012182329305196657,0.0073457360447713553,0.00010812375378829155,0.00066525936306344256,0.0099596387374945236,0.013850059796222412,0.0094395356934283102,0.0058528725268111271,5.007843341678381,5.007843341678381,0.06568627804517746,0.0078431367874145508,0.14190587967528112,0.090196080505847931,0.090196080505847931,0.070533004812371569,0.070533004812371569,0.070588238537311554,0.054901961237192154,0.054901961237192154,0.0082599271204368812,0.0082599271204368812,0.078431375324726105,60.581832425277689,78.28895847861574,0.0,60.535211267605632,78.154929577464785,56.0,84.0,0.0,10,10,10,0.12000000000000002,0.065972222222222224,0.11111111111111112,0.0703125,1.3999999999999999,14.666666666666664,3.3333333333333335,22.375,0.50354609929079686,-0.46058091286306962,0.56204379562044637,-0.54393530997304584,1.3709505944546687,2.6887218755408666,1.5849625007211561,2.1556390622295662,0.016597222222222222,0.005208333333333333,0.012152777777777771,0.0086805555555555542,3.1219280948873624,4.1053885422075336,3.2516291673878226,3.875,-0.52873049637759628,-0.35733107403311881,-0.51437078245298085,-0.74099180903031081,0.94548994140795217,0.91235239151446634,0.94592407127571776,0.9947619334937482,0.54000000000000004,0.24097509273979861,0.53333333333333333,0.17853277485630428,33.399999999999999,36.5,35.666666666666664,37.125,2.3219280948873622,2.6887218755408671,2.5849625007211561,2.75,4.2400000000002365,5.4166666666665151,11.888888888889142,6.609375,1.410000000000025,5.0208333333333144,3.8055555555555429,7.24609375
3,11,1065,189.0,91.0,1.0,1.8756189433780872,0.8216837065846011,0.0,0.42753914090726614,0.19570838912926544,61.921185639848666,61.554853586049575,8.6023252670426267,3.1562795900006555,2.8284271247461903,33.633419340764689,35.291593191797325,42.773239497341194,261.50199999999944,0.67856005097164707,0.35632781941215858,0.069730787415558201,0.091423213344083432,0.060954582106182244,0.027860806111346035,0.023199434954145975,0.01132170417601757,0.033139489235537306,0.016382512317697419,0.044716095692701109,0.0078589416984652435,0.0044898493236273295,0.0038276348701924349,0.036198042563243445,0.015502185267188806,0.0096079970669380298,0.029375441976366733,0.011349662974668029,0.0064061421464688692,0.00058605224101656314,0.00030893670158613765,0.01408563317108393,0.01760691011277421,0.0065119592362126288,0.0063017156043701653,0.015707573099221724,0.011209250349156721,0.0077738618503235346,0.0038800422966853991,0.0011201891917131687,6.2431374602019787,27.243138194084167,0.011764706112444401,0.011764706112444401,2.0478088826280962,0.12156862765550613,0.12156862765550613,0.03153099727374737,0.025580411449844288,0.019607843831181526,0.0039215688593685627,0.0039215688593685627,0.034311804260060356,0.019362801973805254,0.031372550874948502,178.2521951754853,79.678422359739059,0.0,176.24600938967137,80.089201877934272,171.0,84.0,0.0,11,11,11,0.018584935510984668,0.026557154909393497,0.015314543937746783,0.0099864969135802454,20.097992916174732,19.520432692307693,21.097303634232123,39.383333333333333,0.48829706682591451,0.54065934540352067,0.47041525167732173,0.081801084425573642,3.0228188756554522,3.0395854105539719,3.1654945546429798,3.6148832740965795,0.0044854978449357314,0.0043637428057969685,0.0036123977107725461,0.0025085599922839499,6.7497572370664978,6.6322151798278881,6.9107408017371821,7.2698944115483926,-0.2037059586480188,-0.24272073832061136,-0.176426070147647,-0.11037870955733053,0.88524421447489943,0.91647513964794391,0.8587305806245954,0.75649987278423503,0.40335654582784125,0.42219273166705917,0.33751233065390951,0.24812293534810456,13.018890200708384,12.854567307692308,13.146541617819461,13.852777777777778,4.6495993224090855,4.6632244869559525,4.6907173782516294,4.5872634838708626,58.455369252406882,65.472839716623525,58.577587687892816,46.400547839506174,19.638340542145407,21.248318102232815,19.91872283053123,21.445970293209875
3,12,885,4.0,89.0,1.0,1.7636912860822833,0.37410918049557673,0.0,0.47889610389610388,0.21830663042642545,46.209431636133786,45.650848842053307,7.6157731058639087,2.7993355442478225,2.8284271247461903,37.312038744808859,42.853918382149324,8.1331306588760874,225.70599999999959,0.65361890694239289,0.52988957951182036,0.033787747363322206,0.03036624121957238,0.020825007352977942,0.012307637213322493,0.033034808352019787,0.15400364203632902,0.016107666887545915,0.023316658442192949,0.0069296788109222277,0.0046557552510420892,0.016452041977394725,0.045782550252095613,0.0038919994153279527,0.0010435936214889736,0.0088193974510966614,0.0077765962815797632,0.012353369674847252,0.0030059734231239728,0.0044056333979274288,0.032995680009457372,0.0058731367060241499,0.011830823075450241,0.010579492406209416,0.0030241209599270046,0.010202178379575129,0.005668999790571185,0.0024021930749904725,0.0025389474214450071,0.0069236429497567609,5.811764903832227,19.733334010001272,0.0078431377187371254,0.00392156932502985,0.89995282986746883,0.13333334028720856,0.13333334028720856,0.033986929262176765,0.022297552553673754,0.011764706112444401,0.0039215688593685627,0.0039215688593685627,0.037004512687834876,0.021630343636860873,0.027450980618596077,21.246621625460794,88.367647049010003,0.0,20.522033898305086,87.833898305084745,34.0,87.0,0.0,12,12,12,0.030754043268220961,0.020084636015225026,0.036297069361817202,0.033666067332134661,28.243478260869569,39.324149108589943,28.35174418604651,37.662992125984253,0.40954836425200403,0.29456199371926522,0.40045798854412129,0.3126748900716842,3.2152868004547042,3.5140871174576036,3.1841142690601201,3.3877365124347172,0.0038044314133971169,0.0027820362874811148,0.0040147114822132223,0.0033276200429951846,6.2620163819121224,6.701249134109057,6.1913077002980668,6.4502403739032985,-0.20018015867625941,-0.13718301234014599,-0.21253509762629386,-0.15248882545525791,0.86698264780757073,0.79202641904592097,0.8778438907148598,0.80944037633711985,0.36558504480900866,0.29041012187107795,0.40343026255303993,0.3919412896272163,10.895652173913044,11.654781199351701,10.654069767441861,11.074015748031496,4.4052306398844934,4.5056606843249707,4.3969397581451481,4.4397323545649678,67.423894139886585,72.164454449695114,66.226262506760378,71.929954739909505,23.91684310018903,27.872150889571273,23.644501673201731,27.398236716473434
3,13,999,152.0,86.0,1.0,1.7827304554491199,0.66473834938199705,0.0,0.40363636363636363,0.14583277275875747,53.922056701427138,54.230987451824994,7.0,2.7905992846871976,2.8284271247461903,38.611888239627994,40.283888040790323,82.029261981208336,293.39999999999941,0.63028391167192444,0.43162665946183021,0.060581852439477633,0.0829278718207037,0.03998180703280229,0.018692011982757016,0.026659784856183439,0.080244889998147953,0.024172245757813637,0.032674327904333826,0.037191365991305465,0.009603092632963342,0.01537866787507949,0.062767898546691459,0.0039319180588127623,0.0097940605378563361,0.009870674980899918,0.022209682510991983,0.010065344610867322,0.019078558232250981,0.0090232188953467875,0.014504026654020105,0.0073435277813566737,0.013781445860087857,0.0025764035917020382,0.0067013895484478682,0.0038907555203408577,0.0014125400101681047,0.0072866587601942059,0.0054968903762115939,0.0036592515406944893,6.0745100090280175,24.874510643538088,0.011764706112444401,0.011764706112444401,1.3828293524047801,0.10588235408067703,0.10588235408067703,0.028653349099188763,0.02489941005359168,0.019607843831181526,0.0039215688593685627,0.0039215688593685627,0.030738448733857775,0.018966966091223492,0.031372550874948502,149.01340060270186,103.06038150992569,0.0,149.03203203203202,101.67767767767768,159.0,107.0,0.0,13,13,13,0.020208902145040467,0.023057161325054337,0.019543530714766028,0.012286299783679724,19.335927367055771,21.625169147496621,15.913207547169812,27.654778887303856,0.48571970090844652,0.49164339112053745,0.56462409435885885,0.32805189436792459,3.0876471043610074,3.19093524219182,2.9684124837848551,3.3866808314564847,0.0044338753482992708,0.0039447484146912341,0.0049268326055947453,0.0032887720361719623,6.7369508682394512,6.7659524983420773,6.6876163115039047,7.1231933997047028,-0.19012443143333982,-0.19567780133325141,-0.2046021489168966,-0.11210012409601314,0.87015758593286308,0.87721459453719564,0.88442725056101468,0.75553941290566795,0.35521340083652031,0.37554220643397468,0.3999834425170043,0.28048953958439293,12.62775616083009,12.751014884979703,12.574842767295596,12.98716119828816,4.6003842716531747,4.6308327845873434,4.6361459259711193,4.621494164318416,55.860137507338891,63.453567982187081,57.187794786598658,54.657467119521556,18.799016218598652,21.269684282420918,18.275250583442109,20.578061501706351
3,14,360,170.0,126.0,1.0,2.089772538614282,0.72116184903567426,0.0,0.5,0.18246639978907678,35.997857661781516,33.837848631377263,5.0,1.9910407199818476,2.0,22.654831257600328,24.938114120076278,-17.62418193767871,157.45799999999994,0.60708263069139967,0.40031985685996385,0.059875797074541437,0.047510061614724458,0.066283335255239981,0.024090729223704106,0.015103248383130112,0.10890693016158555,0.022439502413348553,0.01090803302601405,0.0043928809188181319,0.017732003007963775,0.012229778944425396,0.053479008193511285,0.025973326828237293,0.011573070347243189,0.00850174304662802,0.0021865495734666339,0.0036536033817500999,0.0088026884758033337,0.006153993819072002,0.0054303761665061047,0.0082271659921360624,0.0058227640622026972,0.002473906056255817,0.0057308120368246137,0.0024798033967823071,0.011071564330828147,0.0088093114843234115,0.0035509037483992447,0.0023161524237609032,5.035294272005558,10.937255242839456,0.011764706112444401,0.011764706112444401,1.6053439912389835,0.11764705926179886,0.11764705926179886,0.038146168727314834,0.030381264563442933,0.019607843831181526,0.0039215688593685627,0.0039215688593685627,0.033948368597084631,0.025002881582061268,0.043137256056070328,179.23126567487265,121.01792758715813,0.0,177.97222222222223,122.01388888888889,188.0,115.0,0.0,14,14,14,0.011385283697413163,0.01283265306122449,0.02015516950581886,0.010158317811979218,55.476793248945143,49.840000000000003,35.437229437229433,56.886138613861391,0.22714413906304132,0.16754383572850451,0.38773333575092922,0.20304118436442051,3.8805427611290648,3.7495900873308612,3.3578780228457594,3.8630242218963189,0.0018165781803609663,0.0020825245811123628,0.0037188434826176909,0.0016900161080696315,7.1162520037698851,6.7716227543542002,6.4704574817144893,7.0671427026377698,-0.22403915201601229,-0.23191027353921159,-0.32246518354470771,-0.25685535680747551,0.91320659254355163,0.91145600623004341,0.95754309291244566,0.93563242963328686,0.21111820452398314,0.20939678313882271,0.38884924630913326,0.13663379014393073,15.189873417721518,13.828571428571429,13.627705627705627,15.252475247524751,4.7657137854299201,4.6897129220747198,4.6365305725954107,4.7057694531770471,88.086310954441046,69.90204081632649,80.320271359232464,85.871899813743795,35.890776050846526,29.935510204081623,28.939375199115489,35.689509606901275
3,15,433,58.0,115.0,1.0,1.717590808129694,0.52438038257935649,0.0,0.53325123152709364,0.19678246087148674,33.153300840451188,34.828149534535996,6.4031242374328485,2.3487709593390655,2.0,26.533978652312722,28.22950934217652,-87.336831167168071,166.28599999999992,0.61115031757233595,0.45450348134404406,0.082178311430526271,0.069977729763300925,0.023394733602500661,0.05284960449293203,0.018223152281251355,0.10252555597560903,0.019022568501024774,0.027773059625324118,0.02392684616310254,0.0065657757643459982,0.0084355858749049512,0.037364007594204156,0.019269448819029238,0.016546201214025096,0.0098428929208841734,0.011775312391654328,0.0060598085701729955,0.010911689369770373,0.0044737405549254245,0.0095116779367018407,0.0063601645962527631,0.0073978021723144173,0.011338991695962327,0.0059138220812033617,0.0094269681042541773,0.0040574651643560796,0.0026958027510520098,0.0080252008569242275,0.0012560371289288188,5.5764707326889038,11.447059164755046,0.0078431377187371254,0.0058823530562222004,4.3575816264115268,0.13725490868091583,0.13725490868091583,0.041615453229021673,0.02643662624654745,0.013725490774959326,0.0039215688593685627,0.0039215688593685627,0.038572158181865462,0.027218421459162829,0.035294119268655777,51.468996259701683,123.9126412932272,0.0,54.852193995381064,121.16628175519631,52.0,133.0,0.0,15,15,15,0.033732501264968795,0.030741439654199124,0.045911111111111118,0.028665005339978636,42.428571428571438,54.056224899598398,46.216666666666669,47.943396226415096,0.34315368948770153,0.35744079093176984,0.37658490679011397,0.34340989236491481,3.2928935866192015,3.496359368155562,3.3167167065579561,3.3754540615171389,0.0039790556565448363,0.0031311098924927758,0.0039271604938271604,0.0037673769058010186,6.1439427554173758,6.1314796553407067,5.9218417747422798,6.1833703564113423,-0.25817385758248057,-0.24525415848352231,-0.29596679042703294,-0.24281766239825242,0.91552546032257842,0.90545387418604206,0.93390237637595663,0.90495116229287753,0.39071453529175321,0.36487547469046355,0.43452804891465058,0.30288775284392055,11.350649350649352,11.935742971887549,11.396666666666665,11.641509433962264,4.4209640446791205,4.4186288929040849,4.4124286543285809,4.3735340090714434,86.760161916006041,114.19667424718955,102.05265555555559,98.094126023495903,32.297183336144386,42.063224786696992,37.06733055555555,36.509380562477752
3,16,725,96.0,139.0,1.0,1.815473959319976,0.1707921796649487,0.0,0.4892037786774629,0.24420213229505061,41.231729253341499,38.118237105091836,5.0,2.4357470779150341,2.2360679774997898,34.648232278140831,40.625914533579035,-13.383889980860667,193.15199999999979,0.6703652334720297,0.62325321725003069,0.033345225183436966,0.085525854481821775,0.0046161283188088783,0.036522615858973019,0.022118244676917517,0.15327101529795994,0.0098663330422102975,0.019166179824403912,0.0035499897773477135,0.011419351170387381,0.0044168966643312853,0.012755425478008538,0.0099879157298219095,0.0072435393799087505,0.0046798694949716484,0.011941277100767622,0.0055365927621140922,0.00150938566807529,0.014124594030158711,0.02745166443598623,0.005744413621448171,0.0040618665201712575,0.0024543256074340677,0.0017244010307551612,0.0047433034897053084,0.0012903561004311255,0.0028942101448479747,0.0072524422068054074,0.0067686180573161212,5.3960786000825465,16.756863297428936,0.0078431377187371254,0.0078431377187371254,0.45830712529971607,0.12156862765550613,0.12156862765550613,0.033725491250515917,0.023112914893005428,0.015686275437474251,0.0039215688593685627,0.0039215688593685627,0.037185694988413766,0.021882805188010938,0.027450980618596077,80.474608015723874,139.59794056485731,0.0,80.648275862068971,140.02206896551724,74.0,147.0,0.0,16,16,16,0.022875966062375373,0.016440197347932273,0.020933725514738093,0.016334154841204859,30.731046931407946,45.060728744939269,31.381125226860252,46.172413793103445,0.34963063611127793,0.23126320995028321,0.35291999597516654,0.19175406365239075,3.3058302557108785,3.6863086268573553,3.3403894789009891,3.6931506291555669,0.0035570476734676608,0.0023764264032765667,0.0033791749646328571,0.0024007143042658074,6.4576784485730254,6.8340983065144947,6.5182182426236013,6.7485452311316481,-0.19334821534271046,-0.13258277904172597,-0.18411786155927246,-0.15110297765664144,0.8654335903218997,0.78808235872021626,0.85635638264440617,0.81740262993337665,0.36553809410135674,0.27650478780546567,0.33314405676675996,0.25762239133081744,11.326714801444044,11.882591093117409,11.399274047186932,11.803245436105477,4.4848460251074007,4.5663597034878531,4.4690008872036504,4.4936861846340754,63.772318810358513,72.172449966398403,65.611905099126801,68.080963097976081,23.625841435441615,29.308294677834425,24.248257581496766,28.563344222769885
3,17,607,176.0,157.0,1.0,1.6971383738641581,0.59329778374164577,0.0,0.45984848484848484,0.17437110166732853,39.901716230258273,39.11521443121589,5.3851648071345037,2.4263263753327569,2.2360679774997898,30.232261531445172,32.120205950503916,9.862386504757211,209.15199999999962,0.63593504452592986,0.50214996046845461,0.10416204441905874,0.031397163892783866,0.031457123693926094,0.053350259689648197,0.01262218012176969,0.092852102156116723,0.011647056447579813,0.019179092080331445,0.050777983635479487,0.0013289689065521758,0.0037069666456674322,0.036339080541220238,0.0096738348447820265,0.0087175120261806793,0.012819922225162201,0.0032376192874771915,0.0061370670392655226,0.0022808778559196383,0.0069529413926931981,0.013257564473234338,0.014249495756066143,0.0071997233658331007,0.0080975853619808923,0.012869459922370317,0.008010202471045955,0.0032255581344841741,0.0044164476240323705,0.0075466769456983508,0.0024257309247439499,4.941176638007164,13.77254949323833,0.0078431377187371254,0.0078431372530758381,2.2531666108498398,0.098039217293262482,0.098039217293262482,0.031674209217994638,0.022689537880129045,0.011764706112444401,0.0039215688593685627,0.0039215688593685627,0.033779986779354287,0.022694180355203174,0.027450980618596077,180.808940771517,146.83940775554021,0.0,179.28336079077431,148.497528830313,188.0,141.0,0.0,17,17,17,0.02392242299970097,0.022174109274533789,0.03119739500042084,0.018669619120735489,31.544662309368196,49.529411764705891,31.4954128440367,41.352644836272034,0.43249526147969053,0.24872775632292118,0.41764614794427601,0.2738050729195064,3.2480521795666037,3.6969350422571776,3.3107337823350571,3.5461286793112476,0.0046741983989985253,0.0026981673374066031,0.0042732690900742021,0.0032546743925242921,6.4397263927660093,6.6123866556830855,6.2203064648101165,6.6247153540884938,-0.21276365527662275,-0.17335395367407849,-0.24677133264034543,-0.15575929444944731,0.88553195876582147,0.84554349846305388,0.90906984613606012,0.82060752334556653,0.36934185142353748,0.31001622175552396,0.37618509963026914,0.2859388114512097,11.187363834422658,11.580562659846548,10.908256880733946,11.261964735516372,4.5252489791001409,4.6220990100004418,4.492022894769196,4.5277539807256941,79.625025512504678,82.325351090063549,76.670482282636144,72.535908482383647,27.792421955468225,32.963690713692351,27.041473781668216,28.472138329663927
3,18,529,42.0,161.0,1.0,2.2662989669246087,0.40647317720778497,0.0,0.39894419306184015,0.14938765557300374,40.788124892890423,42.01190307520001,5.0,1.931360755014961,2.0,31.008683647302114,37.266588916661696,-27.235997662511792,210.94799999999961,0.5417306707629288,0.35735723710003808,0.050238760862732497,0.053815805842896046,0.0075131480379207966,0.020929121234000481,0.039085929560491464,0.089164277020548799,0.0084475434741910164,0.0060843375510565428,0.042388265171954431,0.02185156455753326,0.017113419397480376,0.047084505840479234,0.0072550181084640192,0.0072411160749435363,0.0098234851986348723,0.01909034967009841,0.010409891286391157,0.013856852210625497,0.0065728459098648474,0.0016046618347763622,0.0071042251465166717,0.0089239868749760969,0.0083657852737641768,0.0083015856892105951,0.016562560069670385,0.013027104796408681,0.0035532086318121451,0.007490582647850374,0.0051909254067000468,5.917647254653275,15.411765196360648,0.011764706112444401,0.011764706112444401,1.8119149003607333,0.10196078568696976,0.10196078568696976,0.03400946698076595,0.029133771637732793,0.019607843831181526,0.0039215688593685627,0.0039215688593685627,0.032193353521742761,0.023271997586215853,0.043137256056070328,47.190076336537416,148.67786260571663,0.0,46.697542533081283,150.42155009451795,56.0,143.0,0.0,18,18,18,0.015547763411011275,0.0091946982236181894,0.013221603036317883,0.0091050025452357811,40.30484330484331,49.833935018050539,35.853025936599416,51.170068027210881,0.36373563876368914,0.28873023815591486,0.39609622084078949,0.26378610837664751,3.719181810221599,3.7796628130160004,3.6467258145850097,3.7963125919462226,0.0021193911665579931,0.0022431931840852012,0.0023473720302707168,0.0021273143506163709,7.0227167204692069,7.334896911740536,7.0258398993314124,7.3158940784028097,-0.26775346989970367,-0.18898903338777603,-0.2270705631376104,-0.21253366226806586,0.94124222174783989,0.88524209578194435,0.91359170937603684,0.90798458393710391,0.26056455931898714,0.26164345139776446,0.25510223289647604,0.21834730114693271,14.749287749287751,15.08303249097473,14.014409221902017,15.136054421768707,4.8882674065021128,4.9188872138398896,4.7885988319046406,4.9150208189091931,86.387285817485264,90.292744594612145,82.88451859910802,87.838632051460024,31.673032280582142,35.031669903165678,29.684386133926871,34.752175019667732
3,19,1180,0.0,177.0,1.0,1.763327142070573,0.76742140040088491,0.0,0.49600672551492225,0.19217745239479148,61.235221048875303,63.906181234681831,14.212670403551895,3.9720037527913457,3.1622776601683795,38.0,39.26053560959717,-69.197546082222246,277.77599999999967,0.69781194559432291,0.36788018187744659,0.055839909722427236,0.11228715204614709,0.047577801792715264,0.04061062757213469,0.0050435398827896969,0.0071582998972411173,0.010257127070405526,0.020499152262062802,0.050359294471909025,0.020166377038050454,0.00084793413504625549,0.0051768812999815972,0.034922951437903915,0.0096314837250510293,0.013301408901388678,0.024840602502502522,0.025529808437262762,0.011838842621331586,0.0018953613752207968,0.00092924745002980987,0.015165322406581583,0.010390781065695723,0.007103411367204643,0.0084073546720466619,0.011606554579909289,0.0069297253737219209,0.011780471745235088,0.0069284397158950635,0.0017818911956735608,5.8549021589569747,23.050981209147722,0.0078431377187371254,0.00392156932502985,4.9388485045606245,0.11764705926179886,0.11764705926179886,0.03234752574009378,0.019534729838260781,0.011764706112444401,0.0039215688593685627,0.0039215688593685627,0.036007679723938153,0.019795575663966523,0.019607843831181526,15.860326645172599,161.89656349250586,0.0,15.707627118644067,166.83305084745763,20.0,170.0,0.0,19,19,19,0.051965620959127448,0.029041498357795556,0.039278727973195329,0.047305555555555559,21.698051948051948,31.404280618311528,19.596806387225545,25.237777777777779,0.47977559833444705,0.29427147834798517,0.48763174452846442,0.44476708198275061,2.9111291183276427,3.2185754830442885,2.8787877534590813,3.0166923688764919,0.0058020370195188088,0.0044711655585977497,0.0056165042329720952,0.0053594172736732542,5.7110567988722831,6.289433599195295,5.9822178808268482,5.8435852658449106,-0.30238204170750793,-0.14987686498230504,-0.22293663723431772,-0.25742158021875594,0.93233958952388318,0.79940315097280945,0.88152436308466087,0.90669221209411299,0.51585687822215687,0.39193015879924065,0.48806960099981939,0.4899560670543377,9.2824675324675319,9.6183115338882281,9.3313373253493008,9.362222222222222,4.2931395472955725,4.3531796974302885,4.3114904998878254,4.3162985198604522,61.71999564288528,57.593909634218932,56.898199608766518,65.671017283950647,20.854511897734291,22.249547563132605,19.123751498998001,22.727198765432099
3,20,811,117.0,197.0,1.0,1.488843638972918,0.56873442494149806,0.0,0.6301476301476302,0.31426072464705596,42.821262099366976,38.327535793473601,7.0710678118654755,3.0566088863492507,3.0,31.940693805740651,35.221396653746027,11.43144888224729,180.08199999999985,0.7709125475285169,0.69625174854726257,0.04803468413147554,0.032200421584995802,0.068220263187306812,0.014692436039545389,0.025793173982203033,0.13037184154487691,0.027682165885247096,0.0062308120323065512,0.0051131781602245328,0.006423551501197949,0.0078475976039820219,0.033042024779598056,0.011884775688918145,0.0047061370920198631,0.0053370448952744579,0.012738362037533832,0.0090575178307990469,0.0070864679640213557,0.0056447074836293038,0.0029560440174197264,0.020388055532350378,0.005630501855886285,0.0043538266451596608,0.0021261896976338484,0.0036365698343216956,0.0037155592178141463,0.0036448086303093236,0.0044889528565653959,0.0024078361415833353,4.2705883891321719,17.015686883125454,0.0078431377187371254,0.00392156932502985,0.24142515492786457,0.098039217293262482,0.098039217293262482,0.030504202779515512,0.02098111822826813,0.011764706112444401,0.0039215688593685627,0.0039215688593685627,0.035000547492400155,0.020544605947321663,0.023529412224888802,118.31228394087053,182.46831066912719,0.0,118.29346485819975,182.70900123304563,119.0,189.0,0.0,20,20,20,0.028968148345310973,0.021050832342449463,0.035915229706026133,0.029012075418402655,23.174962292609354,37.901724137931041,22.413312693498455,27.26386554621849,0.45880424899702527,0.22656859947275637,0.50120641068005467,0.44501272801875325,3.0578703910571048,3.4818819314075569,3.0169302465307055,3.183794860763224,0.0055943348003297611,0.0036382441303323019,0.0057375249133643658,0.0049873329074059131,6.197636964474345,6.4516793316530618,6.0660072893296526,6.3964376923100073,-0.21081037730427932,-0.15754289253092119,-0.25776585540303115,-0.18635394372464506,0.87628314533344975,0.81745611350751601,0.91316146091931283,0.8552112183803372,0.36442123656753606,0.28743589734663788,0.45076514832502734,0.41004465643058496,10.19155354449472,10.532758620689656,10.184210526315789,10.598319327731094,4.358041732106817,4.4204528524005511,4.4401883001290585,4.4442216451007184,62.468586274282359,60.107547562425694,67.456778556297863,70.986551797189449,21.410887141722924,24.502317925089191,22.467522812449079,24.562604335852008
